0.042814694
0.044256482
0.080907494
0.10193579
0.11640553
0.13374312
0.119752266
0.10406688
0.070607215
0.046432998
0.041764915
0.015421946
0.018696988
0.008597885
0.0046198647
0.008799164
0.010222938
0.017090367
0.011613185
0.0032763975
0.0033150995
0.00371515
0.0024436181
0.0021128142
0.032348312
0.055343263
0.07906908
0.12225644
0.15487203
0.20572814
0.25886434
0.23174304
0.16996188
0.12634046
0.078180686
0.035942607
0.03207951
0.015351735
0.011477856
0.010163109
0.016502213
0.024708916
0.038703777
0.11108816
0.18207774
0.25314578
0.34144163
0.015102846
0.016356459
0.021890497
0.021799173
0.009811123
0.05083777
0.06727685
0.06535343
0.07495545
0.06149464
0.0400026
0.023953008
0.01919675
0.013184539
0.007494721
0.005758986
0.008071596
0.0016274657
8.784421e-05
2.9178336e-06
8.9686364e-07
5.8859587e-07
4.414469e-07
3.7066638e-07
3.5762787e-07
3.1013042e-07
2.8125942e-07
2.5238842e-07
0.03224751
0.063352205
0.1385126
0.27097797
0.4446547
0.58918977
0.98501265
1.457311
1.7668958
2.4611812
2.6651523
2.8921285
3.000982
3.2271605
3.477078
3.9026766
3.7270422
3.921175
4.1612654
4.0191345
4.061202
4.1462693
4.32209
4.0809894
4.192413
4.207362
4.409104
4.4165173
4.280766
4.1735306
4.202193
4.145012
4.1036468
4.062795
3.9041896
3.7538602
3.7895114
3.7944198
3.8410835
3.7247412
3.5976543
3.454539
3.4432824
3.3848457
3.232421
3.4120188
3.3388524
3.1566262
3.182334
0.012398422
0.038304165
0.10509631
0.17049778
0.24485911
0.34311438
0.37888062
0.45014405
0.5220063
0.40072083
0.27035123
0.027434254
0.04589976
0.095720515
0.12173354
0.18142262
0.2276721
0.30237058
0.33599308
0.34591824
0.38091654
0.4054803
0.39712778
0.4339003
0.45122513
0.47909755
0.4815776
0.46329704
0.5099113
0.49153212
0.06260962
0.08769351
0.10109408
0.10787435
0.14439107
0.023808625
0.05901795
0.1253608
0.16672204
0.198259
0.26277885
0.36996838
0.493048
0.58205736
0.6182236
0.6275413
0.7754762
0.8183105
1.0839745
1.1814306
1.1548073
1.4399091
1.6043077
1.7610937
1.5269488
1.8443534
1.8405269
2.4636211
3.178576
3.243641
3.103216
2.404512
2.5164707
2.3559403
2.3399646
2.7073786
2.5511
2.8245454
2.703146
2.6605296
4.523495
5.045862
6.287227
6.37296
7.2670174
7.4654636
9.310694
10.560514
11.722438
17.612614
17.701302
19.85176
20.619429
20.763004
19.746235
18.815212
17.908733
18.84523
23.163744
23.091022
21.417738
22.813284
22.425354
20.33602
20.168997
19.830746
22.207806
19.563005
29.442364
25.68348
26.340511
23.881931
23.928833
23.247553
21.324154
21.229736
17.927067
15.99
14.683112
22.56502
28.217167
26.73
25.520176
25.448074
27.181446
26.416767
24.661444
26.333698
30.210686
27.030056
26.897604
27.714708
29.32742
25.221342
26.859215
23.202988
28.296745
28.396631
26.506264
24.44756
24.623905
24.985668
24.306261
24.812313
26.00341
24.208769
31.25423
31.991358
29.521482
27.43129
28.899862
25.467682
25.63766
27.423294
24.316093
23.278734
22.824333
32.666847
28.389793
26.7539
25.481127
27.482418
25.744164
25.993462
25.901888
25.40059
32.732307
32.09767
30.484903
31.389961
30.541212
26.865622
29.039371
27.968397
29.791622
24.65794
35.34005
34.96357
31.328558
29.057095
29.264984
24.107172
25.7133
27.686373
28.261518
26.161013
23.844519
32.046547
29.625797
27.966883
26.892464
28.905695
28.588108
30.070974
27.001783
29.124628
26.599422
34.81024
31.177485
28.56957
29.232805
29.674046
28.72247
26.427513
25.847004
26.150002
25.669832
33.290745
31.250048
29.106737
28.825735
31.60545
30.251772
29.532545
28.105661
34.586414
33.407978
30.9779
29.088524
29.600676
28.738268
28.611206
25.48466
27.611729
25.198315
31.60315
30.7172
27.912338
28.478983
28.142931
27.139088
24.552277
26.993332
28.033573
24.813961
22.501764
32.510887
33.046875
28.907867
28.596893
29.776503
30.50768
32.39394
28.680708
29.639275
27.624403
34.399853
36.303886
33.33728
31.539448
34.498398
31.210642
33.16823
31.635946
30.251448
26.47529
25.11873
35.44866
33.107502
29.641306
28.421167
29.180916
30.418236
29.987247
29.744162
35.957096
37.54672
33.49151
33.387062
31.951834
33.458687
32.443813
30.59625
31.691404
35.365192
35.46764
32.385365
31.610657
32.17708
30.708574
32.23815
29.01088
35.14772
33.14498
31.214437
29.911404
29.347471
32.6111
30.818472
31.833485
29.650736
29.810743
34.318153
40.083813
36.194344
32.938858
33.11027
33.791958
32.923763
31.395357
37.668648
36.511936
31.18991
29.301674
29.017624
28.26786
32.488396
32.71737
31.687838
31.936504
26.564835
22.90361
33.279556
36.07622
32.582542
31.093369
29.6566
30.754631
31.165857
29.022518
27.819435
23.586191
20.776512
21.738016
36.20092
37.131443
32.708023
30.218975
31.62251
31.375751
30.64206
32.620342
31.725496
30.41574
38.536865
35.974827
32.613586
30.496674
33.172977
32.37557
31.871433
32.48967
37.74604
36.075096
34.348103
36.501587
41.40648
37.772865
32.321045
31.904907
34.510075
34.927776
35.278175
33.0799
31.750423
37.113373
35.38368
33.127617
29.418266
30.408447
32.181355
33.257812
31.486614
31.753283
27.384722
33.125595
29.86371
28.116598
26.27879
31.249008
29.997913
30.791853
31.056032
29.689657
38.235466
35.544994
30.98226
30.539629
30.229284
31.636517
34.568413
34.131306
31.40876
27.328041
29.93873
34.95928
37.65979
36.005398
33.80354
33.12304
37.014503
38.108524
36.242218
34.18738
34.963726
34.738743
37.022724
32.700993
34.01404
31.342808
36.051056
33.398346
30.105314
26.46177
29.2674
30.492928
33.63884
35.796616
37.64725
35.45887
35.26858
31.063417
38.26322
35.39934
32.23176
31.905695
32.248043
33.286003
29.69636
27.868553
37.22916
35.31303
35.961052
35.14135
42.79804
40.125465
36.81739
36.298496
35.173985
31.770884
28.5807
0.0104747955
0.010634054
0.010471854
0.010119865
0.011532176
0.010235354
0.010466123
0.010917639
0.009694886
0.00996596
0.0101664
0.011535646
0.01011328
0.009550291
0.010877448
0.010602647
0.010377187
0.010713011
0.011631056
0.010643422
0.01042896
0.010299806
0.010769952
0.01086321
0.0101958085
0.009303068
0.011508794
0.011911539
0.011483781
0.010178098
0.010160318
0.0097432835
0.010656299
0.010602647
0.009744842
0.010753097
0.011472618
0.011171192
0.010558689
0.010578229
0.009502236
0.011300395
0.010174554
0.009461134
0.011528884
0.009839021
0.012121789
0.010602647
0.0095615685
0.011052808
0.010198064
0.011457702
0.011054403
0.010546935
0.010833847
0.010746678
0.011149843
0.010665029
0.010495157
0.010854775
0.010813876
0.011233225
0.010602647
0.009529693
0.0111917015
0.011748929
0.011408587
0.011448145
0.010207732
0.010171661
0.011508321
0.010836543
0.010651014
0.011423511
0.010652051
0.0097548375
0.010359591
0.010563887
0.010614241
0.011027749
0.011687082
0.010243927
0.01094752
0.010626541
0.011816091
0.010393138
0.010859057
0.010915503
0.011068117
0.010399587
0.00997062
0.010677507
0.010745356
0.009144718
0.010958604
0.011513517
0.009582387
0.010194221
0.010898245
0.009975266
0.014540169
0.020507777
0.026915561
0.030470425
0.039559633
0.047088884
0.05584932
0.07069982
0.07305956
0.09036731
0.09913012
0.113992095
0.13641101
0.1556473
0.19772
0.24378176
0.26964772
0.31956342
0.3764357
0.45483914
0.59286374
0.6625032
0.79764396
1.0226506
1.170968
1.404655
1.750932
2.002985
2.3499572
2.7843053
3.2817023
3.8896823
4.9113026
5.9468236
7.1350474
8.544309
10.110902
11.94025
13.467125
15.324933
16.521101
17.35311
18.161129
18.413033
18.506308
18.743837
20.54609
20.948492
21.388285
21.776474
22.77302
23.637861
24.288252
24.216528
25.412931
25.761585
27.521568
27.95063
27.9873
27.380236
26.970089
26.719828
26.691833
26.814058
26.65044
27.728258
27.77578
27.514277
27.253391
28.56312
28.620777
29.791185
30.146366
30.171333
31.677855
31.897974
31.802734
32.11828
31.516947
31.685978
31.292788
31.027857
31.638193
31.408445
31.063126
30.278097
29.392195
28.73666
28.561031
28.124353
27.82843
29.057037
29.17965
28.49696
27.736862
27.695545
28.744036
28.87415
28.91827
31.183935
31.19172
30.622309
30.51069
30.853525
31.844015
31.020763
30.156397
29.884155
32.214626
31.90232
31.086676
30.54529
30.584667
30.080261
29.378479
29.945074
29.775415
29.617863
29.234938
29.084208
28.97969
30.600376
30.136385
30.380499
31.132095
31.178226
30.917896
30.813877
31.051905
31.372442
31.519852
30.884745
31.035858
31.622303
30.80552
30.141598
29.549353
29.113178
29.793282
29.537558
29.000488
28.291288
27.763472
27.391968
27.583416
29.319204
29.584105
29.175678
28.266138
27.960096
28.227808
28.97297
28.445024
28.489746
27.988686
28.200554
28.46737
28.968527
29.86545
28.646244
28.783575
29.377022
28.974056
31.449997
30.35523
29.897385
30.164145
30.354582
30.163967
29.582678
30.584257
31.147346
31.692484
32.96055
32.75021
32.63673
33.00818
32.773674
32.961258
33.134087
33.51842
33.1723
33.182957
32.332195
32.801517
32.349335
31.601135
32.189068
32.84716
32.62106
32.7299
32.25005
32.11017
30.729168
30.028244
29.642782
29.677343
31.745985
31.288338
31.5313
31.063652
30.528776
31.53817
31.630316
31.730797
32.032406
31.5394
31.247421
31.28835
31.697927
31.410465
31.029448
31.480133
32.030926
31.408596
30.847092
31.347717
31.15942
32.011356
31.600172
30.301573
29.617443
28.690353
32.386482
33.321507
32.445343
31.647932
31.843346
32.38072
32.16677
32.061874
33.05632
32.692017
32.38651
31.39217
31.583544
31.429964
31.181438
31.356218
32.842
32.259865
32.4769
32.660088
33.320465
32.45497
32.603996
33.27022
32.0486
31.547556
31.325275
31.575132
31.73799
31.782846
31.046074
31.261251
31.200392
32.1301
31.626822
31.47223
31.121817
30.185587
30.499943
30.130226
30.094467
30.67055
29.912462
28.56112
28.649296
29.770489
31.264565
31.346914
31.540646
31.1671
31.558224
31.390985
31.336546
30.58001
30.581007
30.664452
30.276197
29.878212
30.084314
30.63997
31.097317
30.208109
30.632954
28.372822
30.09461
29.93909
29.08998
29.058851
28.623413
28.536177
28.279871
29.693651
29.155067
29.491636
32.389027
32.997284
33.173645
32.7546
32.65441
34.28899
33.91798
32.990177
33.519157
32.377773
32.52702
33.16503
32.149807
32.59302
32.65751
32.31112
33.5729
33.231125
32.19575
32.6184
34.024303
32.975258
32.478252
32.902546
33.65098
33.177933
33.7339
33.58024
32.61921
33.465183
32.471283
32.814186
33.05588
32.815224
33.012814
33.278515
32.42534
33.9268
31.893702
31.17638
30.898935
30.742414
29.941896
29.7569
27.727953
27.686222
26.800394
0.024967413
0.025455402
0.025619997
0.02571328
0.017595
0.017595
0.017595
35.34792
32.3785
25.028212
23.479733
41.834824
36.63379
41.035328
31.1296
24.812632
45.3566
25.26526
26.90302
35.216488
31.909708
26.100784
24.070684
43.717934
33.921036
46.390926
34.365776
29.419054
28.220026
25.966091
33.179867
39.281948
23.690573
21.621994
42.54276
13.458776
11.595307
11.463976
13.484509
11.094068
11.00081
10.960811
11.647869
12.316266
10.35896
10.0647545
10.994773
12.80694
12.456723
12.793152
13.216252
15.753261
17.054344
19.035597
26.113802
30.198456
35.398575
40.379314
45.106014
48.134014
47.082397
50.680477
53.01721
53.33927
54.014034
55.098476
49.720047
48.553154
47.79804
50.273556
46.201923
45.45014
48.00431
49.43344
45.99262
47.22676
42.24082
41.38053
41.870075
41.454494
42.80846
46.86384
44.178505
55.04668
59.762833
65.6156
65.00398
66.229774
58.924103
55.171726
63.059
55.567154
60.724995
57.384575
63.515526
62.07613
65.16429
75.79484
67.97644
71.08915
63.22301
66.29008
56.407066
61.928154
59.150803
53.05826
70.635284
62.467743
64.19666
72.3954
65.20739
65.254265
72.60246
58.329987
67.656624
61.72938
62.05563
54.916172
62.246777
54.039867
54.41893
47.27531
51.22451
60.02002
53.514046
60.798515
52.513405
64.44362
53.13194
61.469204
53.597713
60.223186
58.102093
60.450077
56.719383
63.84875
69.18303
80.35
63.52798
69.60284
61.861275
71.317154
55.653503
64.28333
59.725674
64.5902
75.40282
60.58343
60.079
57.266243
67.33093
46.220078
62.797554
57.15461
56.59742
58.36089
49.973675
57.657124
56.46683
53.328785
65.63585
64.26849
64.816826
54.29966
75.01851
58.82382
60.98959
53.80781
60.255653
48.972233
51.0682
58.12736
48.21062
54.816376
59.263096
62.795834
52.818726
53.968243
43.56495
46.05999
54.402256
51.34612
43.221058
45.00018
46.79915
55.779648
65.90151
55.51557
58.131287
50.106167
55.904057
69.19438
62.917942
52.216846
44.55772
56.740166
49.89119
52.05006
51.90855
51.50592
44.0624
54.20096
49.172386
64.45883
51.967976
51.92324
52.474106
46.273396
51.477253
54.49797
50.092808
56.446587
46.84809
45.364166
66.07718
52.767693
65.54575
51.398193
59.42445
43.075497
49.172146
42.796124
50.16176
60.06634
43.094612
56.09989
47.55528
56.340443
45.94464
59.46047
45.776306
51.90996
40.52477
42.483715
57.907066
50.996456
58.31656
49.407948
50.236317
51.256355
53.9999
55.421196
54.336346
42.539055
59.6954
53.78049
68.69959
56.322063
62.38906
45.06936
54.96087
64.362015
58.370876
55.703407
67.03078
53.454002
56.657257
54.14187
45.24814
67.83023
53.337807
58.63744
58.41626
55.330685
49.816334
56.57932
46.370365
54.728203
51.997917
60.44638
52.666634
58.53713
44.082855
61.69574
49.72346
54.965286
53.268482
43.246113
49.87888
61.08989
53.83793
57.02004
65.084915
45.957428
61.59448
51.142994
56.961452
46.96254
53.406143
39.35304
56.19608
49.324745
43.9227
51.117374
44.77703
50.60967
45.73087
61.965767
55.67793
40.031406
52.225887
60.154205
53.86694
57.586082
53.84172
55.453056
45.808617
51.266342
59.49691
49.041336
53.473564
40.4715
48.614243
58.21838
48.793736
46.58663
46.265953
49.26405
46.82572
50.748417
51.497665
51.990776
61.027798
47.822895
58.896126
56.507217
57.717438
53.89307
52.304287
55.822514
42.875328
59.25737
56.635075
47.842747
52.955822
48.198124
54.495747
53.894978
44.79093
55.84917
44.63663
54.388027
49.473747
50.476704
51.262024
50.629692
50.93032
47.08505
42.7566
48.421776
50.617226
49.85444
49.56972
53.98212
44.033405
48.954742
40.07778
50.91129
51.28378
49.1297
49.54596
37.7323
56.193344
60.396347
39.1864
47.51666
55.895756
53.068317
37.538918
50.745937
53.74379
50.959408
57.01018
50.19175
46.50393
53.781906
44.69911
49.14183
49.2275
54.8603
59.924557
52.214287
55.64909
42.927044
53.21083
63.576557
59.619617
59.281693
55.932083
62.436226
58.36183
51.32576
61.927788
56.80859
61.735546
48.885895
55.097244
52.560844
55.73932
45.017845
66.97602
60.51294
52.36859
44.10398
58.43203
58.47129
55.36306
56.701984
55.907726
58.86056
55.089184
65.34327
52.065742
53.049747
37.85192
53.13026
45.673676
52.074707
42.52957
49.810265
42.871284
52.630726
47.1292
48.235905
45.42847
45.75134
45.926136
46.332077
52.135242
49.081337
52.808876
49.062527
52.176373
66.11164
64.448494
54.25379
65.38701
58.688442
46.694866
49.88794
53.324028
45.92028
48.562073
49.305416
55.942646
48.0402
51.05348
48.999077
47.810402
49.962963
51.19249
50.18042
44.117695
45.755943
56.48918
54.63868
62.78101
52.08195
61.058987
42.96272
56.208977
59.164425
52.454697
38.81619
57.617393
56.603336
53.15496
57.8899
50.643
52.100685
49.09089
60.59829
51.588093
40.26203
55.306828
55.748405
49.26064
41.127647
57.081013
58.017075
58.432087
53.620434
76.25516
59.59953
69.287575
68.555374
67.67247
57.289566
63.79448
53.763367
64.15025
55.362537
53.449467
55.564217
41.96175
53.06554
45.246277
49.38804
47.867744
49.2498
48.708946
52.15205
49.5176
52.30236
40.85708
58.80784
46.51174
52.989536
47.051987
47.310413
40.576057
42.072098
54.773132
46.182175
56.292957
49.771923
43.314438
46.15558
44.548874
45.236645
45.74018
44.095505
43.833847
44.08535
49.710556
53.010002
51.7055
38.280945
61.139973
50.06714
52.19903
54.870995
43.39508
56.45728
47.77668
50.374985
43.03357
61.563103
51.01908
49.63522
60.82066
53.658005
60.81809
53.406864
60.206326
50.349087
52.919903
65.28256
50.36976
50.25173
50.201405
50.01715
48.957607
54.007477
54.88018
45.924427
42.137966
49.979073
48.90325
52.231823
50.161083
49.08509
52.07472
49.569813
55.05943
55.41882
58.909603
60.247883
56.609245
46.42854
45.32796
59.668255
46.6586
52.892784
44.616917
50.89435
56.430866
52.577766
50.699783
47.29291
47.260757
56.929214
49.10521
35.635906
55.794548
54.60106
52.193043
46.67045
46.9809
42.51588
39.422855
48.38153
48.774536
41.95613
51.384495
48.094444
40.13711
52.739975
44.902035
48.711605
36.32731
46.08097
33.709187
52.781937
47.53801
49.18997
42.41344
54.976765
41.170452
59.921555
53.66225
36.02419
47.413338
51.653023
46.531036
43.471153
62.006004
43.56787
49.811356
54.792713
45.067783
54.86429
47.663944
50.174706
42.16441
49.992504
33.561455
46.288715
46.106415
41.87786
40.5969
44.794716
47.427773
42.640636
60.487602
54.17624
43.126717
55.964558
38.81834
44.66195
42.04161
48.356777
47.784042
39.341602
48.77131
42.75589
42.516953
36.890472
50.00636
29.465057
40.51952
38.796642
42.52743
35.86734
52.157547
41.992455
49.805065
35.899307
50.861473
59.03056
58.044163
53.199543
44.476025
51.931232
49.405365
51.5631
54.546696
55.10279
53.97021
49.159714
42.60017
54.272392
43.569622
51.835236
52.72624
56.911945
46.915512
50.487812
56.30323
56.534832
52.137928
50.71113
47.328903
46.855907
39.875282
53.335915
43.79512
46.44824
29.834038
42.245594
42.65226
42.002354
38.241436
44.83259
52.933086
44.967567
50.364758
46.35983
45.02538
40.035595
56.75936
40.241833
32.079166
42.081844
38.637997
40.176464
48.00647
46.05249
36.854607
53.83568
44.89544
42.47395
48.42725
56.60751
44.499413
44.43201
51.389324
45.464664
44.278934
38.808044
47.937187
49.92049
51.266716
42.92214
42.36337
37.627243
45.91463
39.75865
35.138195
46.90949
42.447426
42.812534
45.885887
46.069668
41.5552
37.76519
46.426327
42.264
41.402267
36.597954
45.89074
48.08203
33.819942
42.617752
39.667168
40.812687
43.576134
38.039036
37.351936
35.656483
45.04871
40.714504
35.311104
54.628983
44.095013
49.805145
47.27703
43.723053
30.45877
46.69096
45.946873
43.48059
40.301147
49.14274
37.432747
55.619884
40.53132
53.910187
48.001102
41.90991
47.795673
47.710976
30.607454
43.794147
45.35213
47.926075
43.17938
58.2486
56.35708
45.249718
44.489258
53.916393
37.92249
47.639698
40.649128
41.221466
38.550785
50.535213
49.615448
37.16295
52.26367
47.51709
50.502125
58.759197
45.025543
43.82834
50.788574
44.769596
41.268925
39.5752
55.6603
47.983276
39.10377
45.780663
52.695217
40.3298
41.744553
45.16714
38.58841
42.233482
51.49855
35.55028
43.654083
46.84197
49.93118
49.27225
43.949043
41.436165
35.516827
48.89745
46.54845
47.746723
50.694656
37.063313
55.089184
51.560608
48.94363
48.944977
40.325314
31.043493
47.318905
48.50279
44.787403
40.619904
43.22742
41.114273
44.711353
44.67231
39.76653
42.497234
35.100784
43.682323
51.841347
42.85252
45.170246
50.44545
35.94254
50.20283
43.427925
48.332207
39.600063
39.62385
46.938747
43.84392
40.295124
36.74075
55.957993
32.84333
45.357906
47.29297
42.459164
43.25321
37.423332
37.20965
41.597885
40.39
40.649044
34.411297
54.908054
29.386013
40.970364
43.9911
46.63893
40.325336
43.831036
55.755814
39.008003
50.355732
43.17426
38.346004
41.90534
50.14218
28.086454
46.226303
37.80672
38.014847
42.08011
50.609093
47.637146
57.76124
42.67774
48.783653
49.40632
48.162945
37.730057
52.4193
42.460213
44.779087
61.24116
52.77907
48.05269
40.929054
44.604656
32.771397
45.73989
37.987865
47.06997
35.26253
55.085014
36.608345
40.781937
48.788925
43.77929
44.2508
29.950636
40.3396
39.112976
39.339283
40.2116
47.412212
40.159424
50.27932
42.87202
45.254337
46.44766
53.714523
59.6101
54.157024
51.06418
37.888363
50.601967
45.91851
42.950535
66.39764
37.011368
57.966496
60.517242
50.771984
54.647152
52.84311
45.41197
46.163406
43.301098
41.587498
26.117313
40.01516
46.685696
43.82912
51.356255
44.1317
49.237053
46.578506
47.821682
45.778664
74.03809
64.54545
73.57345
49.74564
61.23347
52.389977
51.87042
38.575577
54.822372
46.78525
45.01896
40.120388
56.094788
40.254253
37.439888
46.939205
41.947647
45.673763
40.524933
29.478205
41.41284
42.37055
37.248688
38.57803
49.8785
36.37368
40.742474
54.241264
50.02043
42.9786
61.02768
50.748363
56.345997
57.618378
47.199936
58.296333
52.63665
50.84402
48.95871
57.319176
50.02112
48.121227
66.82316
55.67695
37.016277
55.691303
43.739017
52.711323
48.88627
69.32015
46.341534
43.132565
56.857227
48.006798
54.641163
54.688313
47.34939
51.720634
53.44264
51.829533
56.846294
55.812542
49.666683
55.33579
51.493042
53.265537
52.33156
62.664505
44.732994
49.94318
48.154194
49.878162
57.88742
44.47115
46.776398
52.246315
48.204834
47.36272
55.825806
54.4603
41.14699
47.48469
48.487473
48.5727
48.782276
45.610497
52.233234
52.931118
51.050323
71.29377
49.18269
62.733982
64.26156
60.117542
35.97858
44.385216
47.032204
44.712986
44.25507
51.962612
37.514828
56.565876
28.792206
48.38309
41.23817
47.993835
58.529133
39.96963
62.941673
59.496735
61.07979
49.217934
36.983868
53.286022
52.322514
49.217876
71.74422
51.782322
63.16693
64.40495
62.056393
61.390163
55.63335
63.363464
47.349678
54.593536
46.77782
46.36598
41.7594
62.051228
31.47151
49.133995
45.22817
56.816483
54.30368
68.243965
58.195015
63.969902
60.735603
56.439507
59.739655
37.503563
51.050423
52.66702
55.180656
51.333252
62.834694
42.121605
57.78719
41.393986
57.07407
50.954144
52.71646
47.891335
64.74192
50.812595
43.096825
53.101017
52.746494
51.623703
59.852585
52.114166
54.44173
50.251747
50.001102
46.09511
46.099617
53.70773
48.78473
30.548166
48.553276
42.225334
44.529697
40.080482
55.958027
45.81583
35.806374
54.22422
56.755604
56.416023
54.561302
