-20.834936,-12.89556,13.206002,-15.15148,7.693062,6.221921
-20.834936,-12.89556,13.206002,-15.15148,7.693062,6.221921
-20.834936,-12.89556,13.206002,-15.15148,7.693062,6.221921
-20.843052,-12.880713,13.23249,-15.1756525,7.7054234,6.21776
-20.843052,-12.880713,13.23249,-15.1756525,7.7054234,6.21776
-20.843052,-12.880713,13.23249,-15.1756525,7.7054234,6.21776
-20.834936,-12.89556,13.206002,-15.15148,7.693062,6.221921
-20.834936,-12.89556,13.206002,-15.15148,7.693062,6.221921
-20.834936,-12.89556,13.206002,-15.15148,7.693062,6.221921
-20.843052,-12.880713,13.23249,-15.1756525,7.7054234,6.21776
-20.843052,-12.880713,13.23249,-15.1756525,7.7054234,6.21776
-20.843052,-12.880713,13.23249,-15.1756525,7.7054234,6.21776
-20.834936,-12.89556,13.206002,-15.15148,7.693062,6.221921
-20.834936,-12.89556,13.206002,-15.15148,7.693062,6.221921
-20.843052,-12.880713,13.23249,-15.1756525,7.7054234,6.21776
-20.843052,-12.880713,13.23249,-15.1756525,7.7054234,6.21776
-20.843052,-12.880713,13.23249,-15.1756525,7.7054234,6.21776
-20.834936,-12.89556,13.206002,-15.15148,7.693062,6.221921
-20.834936,-12.89556,13.206002,-15.15148,7.693062,6.221921
-20.843052,-12.880713,13.23249,-15.1756525,7.7054234,6.21776
-20.843052,-12.880713,13.23249,-15.1756525,7.7054234,6.21776
-20.843052,-12.880713,13.23249,-15.1756525,7.7054234,6.21776
-20.834936,-12.89556,13.206002,-15.15148,7.693062,6.221921
-20.834936,-12.89556,13.206002,-15.15148,7.693062,6.221921
-20.834936,-12.89556,13.206002,-15.15148,7.693062,6.221921
-20.843052,-12.880713,13.23249,-15.1756525,7.7054234,6.21776
-20.843052,-12.880713,13.23249,-15.1756525,7.7054234,6.21776
-20.834936,-12.89556,13.206002,-15.15148,7.693062,6.221921
-20.834936,-12.89556,13.206002,-15.15148,7.693062,6.221921
-20.834936,-12.89556,13.206002,-15.15148,7.693062,6.221921
-20.843052,-12.880713,13.23249,-15.1756525,7.7054234,6.21776
-20.843052,-12.880713,13.23249,-15.1756525,7.7054234,6.21776
-20.843052,-12.880713,13.23249,-15.1756525,7.7054234,6.21776
-20.834936,-12.89556,13.206002,-15.15148,7.693062,6.221921
-20.834936,-12.89556,13.206002,-15.15148,7.693062,6.221921
-20.834936,-12.89556,13.206002,-15.15148,7.693062,6.221921
-20.843052,-12.880713,13.23249,-15.1756525,7.7054234,6.21776
-20.843052,-12.880713,13.23249,-15.1756525,7.7054234,6.21776
-20.843052,-12.880713,13.23249,-15.1756525,7.7054234,6.21776
-20.834936,-12.89556,13.206002,-15.15148,7.693062,6.221921
-20.834936,-12.89556,13.206002,-15.15148,7.693062,6.221921
-20.843052,-12.880713,13.23249,-15.1756525,7.7054234,6.21776
-20.843052,-12.880713,13.23249,-15.1756525,7.7054234,6.21776
-20.910017,-12.855178,13.121707,-15.168964,7.674549,6.2210855
-20.931044,-12.863938,13.144038,-15.1868925,7.686399,6.229354
-20.920319,-12.849194,13.139915,-15.183138,7.6804485,6.220612
-20.979074,-12.8766165,13.204777,-15.228388,7.7170258,6.2390018
-20.961248,-12.857144,13.19712,-15.217279,7.712259,6.2356415
-20.922413,-12.833285,13.167632,-15.184289,7.7052383,6.217171
-20.939648,-12.848776,13.167097,-15.194795,7.717705,6.2204413
-20.947771,-12.859465,13.1677265,-15.203106,7.7279854,6.222568
-20.929728,-12.850065,13.149097,-15.185423,7.7181015,6.2118883
-20.907448,-12.839184,13.12781,-15.168573,7.7074523,6.2026067
-20.91274,-12.828285,13.137567,-15.171678,7.716268,6.216537
-20.957062,-12.852519,13.186521,-15.206799,7.7477508,6.254851
-21.06484,-12.911421,13.243828,-15.286186,7.792387,6.302305
-22.561089,-13.816631,14.261197,-16.278212,8.242288,6.768276
-22.502123,-13.784042,14.224603,-16.23358,8.202078,6.7494297
-22.513422,-13.794045,14.235847,-16.243992,8.20839,6.754552
-22.553467,-13.814877,14.266839,-16.270676,8.239539,6.781464
-22.666546,-13.881641,14.343528,-16.334564,8.289964,6.805581
-22.6911,-13.897463,14.369699,-16.355238,8.299466,6.811925
-22.672972,-13.8877945,14.344257,-16.341879,8.291243,6.8075733
-22.547993,-13.816201,14.281746,-16.264093,8.235601,6.7784514
-22.54807,-13.827343,14.28879,-16.2675,8.226527,6.7714806
-22.565271,-13.844852,14.309332,-16.28421,8.239063,6.7696223
-22.617878,-13.87792,14.34505,-16.329893,8.260313,6.781271
-21.854752,-13.370093,13.884231,-15.674953,7.910786,6.4663796
-21.91024,-13.401249,13.916892,-15.723022,7.9256096,6.4655075
-21.87383,-13.379381,13.894328,-15.695974,7.913825,6.4523954
-21.885359,-13.3863735,13.909424,-15.699007,7.918712,6.4548163
-21.870337,-13.381015,13.901648,-15.689034,7.9118,6.450332
-21.95025,-13.438189,13.955535,-15.753462,7.953539,6.4632335
-21.892694,-13.420403,13.904591,-15.712294,7.928438,6.4344645
-21.855806,-13.401029,13.871508,-15.690539,7.9134264,6.4203005
-21.82221,-13.381033,13.838188,-15.662409,7.902878,6.415452
-21.65682,-13.255075,13.737753,-15.5327015,7.822293,6.38278
-21.51515,-13.070089,13.661175,-15.5427265,7.714702,6.391466
-21.592432,-13.1163225,13.716202,-15.604656,7.7491083,6.427342
-21.5264,-13.084402,13.67555,-15.552037,7.725856,6.41465
-21.479395,-13.066976,13.634794,-15.523407,7.7106266,6.4061217
-21.51088,-13.087137,13.645033,-15.554457,7.728095,6.4171
-21.479738,-13.061214,13.620586,-15.534424,7.7114697,6.400851
-21.588139,-13.144468,13.676445,-15.615883,7.751057,6.423601
-21.45996,-13.0611515,13.5945835,-15.518657,7.7020583,6.382614
-21.176134,-12.874868,13.418715,-15.294294,7.585406,6.279232
-21.160603,-12.871227,13.404497,-15.285404,7.5765696,6.280193
-21.288727,-12.947156,13.476923,-15.387053,7.623294,6.324458
-21.300947,-12.959328,13.484669,-15.384484,7.627105,6.301453
-21.599503,-13.157488,13.563063,-15.604389,7.805553,6.4316177
-21.783812,-13.266144,13.678318,-15.727136,7.887698,6.4918113
-21.547615,-13.123596,13.532324,-15.569307,7.7788796,6.4247985
-21.82882,-13.303405,13.717493,-15.756551,7.9163938,6.5072446
-21.526701,-13.11254,13.533011,-15.543657,7.7705026,6.410093
-21.667606,-13.204085,13.606974,-15.634538,7.817008,6.433181
-21.737488,-13.242721,13.642983,-15.676774,7.8504157,6.4423757
-21.69994,-13.212963,13.624258,-15.659418,7.847322,6.448327
-21.69092,-13.204091,13.62092,-15.644438,7.8329473,6.4385276
-21.735853,-13.227566,13.6401825,-15.667559,7.83266,6.440391
-21.47764,-13.020141,13.458776,-15.402101,7.7847986,6.343961
56.29327,56.08684,56.719383,55.769855,56.522026,56.25158
56.220104,56.043427,56.626457,55.704918,56.425068,56.157223
58.05156,58.03241,58.715183,57.382442,58.373985,58.425716
58.00025,58.00342,58.637863,57.316406,58.28088,58.344177
57.951965,57.978184,58.559002,57.258083,58.216022,58.273922
57.945625,57.991257,58.522602,57.234795,58.200066,58.25637
58.21972,58.2792,58.82235,57.447987,58.47944,58.53348
57.851757,57.919533,58.404175,57.117527,58.07553,58.15743
58.134632,58.20501,58.689476,57.364418,58.341324,58.39871
57.875458,57.94357,58.344353,57.10406,58.0698,58.134003
59.24462,59.142494,59.63758,58.494213,59.408516,59.43367
59.108788,59.036434,59.564194,58.342575,59.327213,59.361958
59.09228,59.03199,59.52702,58.320866,59.32336,59.480724
58.92795,58.85886,59.316765,58.167885,59.124363,59.367794
59.331734,59.286163,59.727016,58.5534,59.463184,59.88475
59.559704,59.5156,59.948784,58.775673,59.66837,60.168346
58.99559,58.93489,59.396286,58.201534,59.20811,59.69783
58.99307,58.93424,59.39837,58.194298,59.21884,59.764828
58.43693,58.351044,58.654015,57.744938,58.438465,58.92339
58.582375,58.496876,58.81146,57.878174,58.622257,59.120167
58.43062,58.348885,58.691406,57.724182,58.540222,59.05393
58.56247,58.475407,58.80472,57.85093,58.73328,59.22722
58.192623,58.043835,58.419662,57.454964,58.438618,58.891537
58.554554,58.44519,58.818615,57.771667,58.86563,59.34616
59.439823,59.402504,59.686607,58.704765,59.76118,60.235394
59.44304,59.40479,59.667614,58.67035,59.745617,60.205868
59.013454,59.086098,59.246166,58.237667,59.328377,59.780415
59.048355,59.17735,59.28878,58.231506,59.371002,59.82332
59.075985,59.24181,59.304188,58.214245,59.4456,59.843468
59.195465,59.406227,59.42086,58.301098,59.565594,59.94908
59.167442,59.408123,59.38419,58.25412,59.53324,59.905533
59.042324,59.277588,59.236454,58.11819,59.401096,59.744392
58.921005,59.1438,59.072132,58.076126,59.13763,59.429962
58.894493,59.12958,59.022865,58.03731,59.104187,59.36375
58.936657,59.18524,59.039387,58.07031,59.15942,59.36402
59.34401,59.620945,59.434185,58.458412,59.565605,59.710327
59.405396,59.693436,59.489223,58.523045,59.620464,59.709053
59.21159,59.482323,59.281254,58.33977,59.424816,59.49541
59.314766,59.59033,59.38604,58.44365,59.508705,59.567543
59.22068,59.50381,59.311527,58.363937,59.395855,59.44858
59.921875,60.28306,60.086548,58.949814,60.264027,60.309822
59.911594,60.28288,60.114475,58.9426,60.24686,60.336605
59.844402,60.198673,60.056473,58.886044,60.169537,60.260742
59.719643,60.06308,59.930412,58.78562,60.031708,60.106705
59.687565,60.01373,59.909878,58.75647,59.99157,60.067062
59.644783,59.942314,59.867683,58.71987,59.94222,59.953568
59.752262,60.04696,59.985317,58.838528,60.04806,60.02584
59.677174,59.961555,59.93998,58.804317,59.959785,59.93007
60.36028,60.665733,60.68371,59.434555,60.7929,60.7954
60.567665,60.849598,60.90572,59.64054,60.995537,60.990448
60.564133,60.79272,60.88846,59.614918,60.992073,60.960316
60.481823,60.68695,60.845345,59.577427,60.90766,60.861637
60.486046,60.648186,60.831406,59.62826,60.932213,60.80539
60.217915,60.304382,60.53273,59.365208,60.627155,60.39688
60.45594,60.530014,60.840424,59.618332,60.91952,60.71497
60.45912,60.53116,60.895912,59.655827,60.94069,60.72544
60.347107,60.39743,60.790253,59.563503,60.88087,60.565754
60.51717,60.54532,60.994656,59.75239,61.03209,60.74378
60.410156,60.411057,60.897808,59.680653,60.939255,60.59083
60.556587,60.408955,60.929123,59.696495,60.935936,60.603832
60.734364,60.441883,60.98948,59.76107,61.020107,60.630955
60.878582,60.44626,61.0214,59.800312,61.053486,60.659313
61.09462,60.528484,61.13146,59.901985,61.174103,60.792118
61.27969,60.646606,61.196304,60.021084,61.28837,61.00316
61.498177,60.810577,61.33593,60.16673,61.430794,61.26361
61.682743,60.937363,61.45329,60.2981,61.556396,61.46573
61.720528,60.9307,61.438614,60.309288,61.538906,61.503452
61.891727,61.06689,61.583244,60.43741,61.658573,61.7136
62.002907,61.14606,61.66827,60.524914,61.757687,61.84008
62.0483,61.160442,61.68923,60.568,61.799118,61.877766
62.189354,61.282177,61.82425,60.68957,61.93372,62.050613
62.222385,61.293472,61.845665,60.72141,62.004513,62.074467
62.311398,61.365665,61.9292,60.79801,62.151924,62.17175
62.447166,61.4909,62.069763,60.915585,62.336746,62.33363
62.473206,61.50087,62.090614,60.974686,62.417137,62.341213
62.54116,61.561073,62.16507,61.063297,62.53185,62.40589
62.652515,61.673878,62.294178,61.184456,62.677055,62.53593
62.649506,61.67608,62.301006,61.217457,62.713345,62.511982
62.748055,61.78795,62.42348,61.327717,62.83741,62.628765
62.79314,61.8438,62.488842,61.40406,62.91507,62.67883
62.786644,61.846493,62.52363,61.439224,62.94114,62.655304
62.880814,61.95581,62.66345,61.552643,63.05598,62.7716
62.86243,61.945766,62.67755,61.577248,63.059044,62.733387
62.941025,62.037857,62.79136,61.67456,63.14749,62.825504
62.966015,62.073105,62.846703,61.73398,63.190502,62.84425
62.937878,62.052994,62.845657,61.754562,63.18174,62.787777
63.01427,62.144306,62.958473,61.85449,63.27983,62.875347
63.03142,62.173435,63.004486,61.90343,63.31819,62.886806
62.99038,62.143574,63.00154,61.90323,63.298325,62.8165
63.04928,62.21861,63.09933,61.979267,63.364536,62.885128
62.992523,62.17221,63.063923,61.96027,63.32588,62.794975
63.041985,62.240814,63.15349,62.026985,63.406704,62.8587
63.041626,62.260445,63.21835,62.054104,63.436295,62.856186
63.00583,62.23777,63.22483,62.049873,63.43316,62.783
63.894093,62.689007,63.51159,63.234024,63.511196,62.685196
63.90253,62.71443,63.579197,63.257526,63.572746,62.692608
63.884468,62.710762,63.61925,63.22472,63.560986,62.6324
63.88238,62.725754,63.679184,63.236275,63.59663,62.63014
63.870007,62.73211,63.721447,63.2396,63.617294,62.622173
63.851543,62.731895,63.748466,63.23581,63.631397,62.610275
63.84875,62.746735,63.78138,63.274937,63.688705,62.654972
56.884434,56.932022,57.241684,56.67889,57.907066,57.300144
56.87496,56.938198,57.280006,56.666077,57.94572,57.332546
56.735535,56.82472,57.13905,56.54291,57.813442,57.153126
56.821247,56.892124,57.221222,56.62174,57.93141,57.24268
56.218063,56.294193,56.597946,56.08475,57.26961,56.587048
56.289597,56.420555,56.780647,56.14914,57.488274,56.802685
56.29687,56.42182,56.783287,56.15859,57.517437,56.83319
56.18856,56.3256,56.696598,56.04948,57.426445,56.769077
60.542564,60.95054,61.183685,60.47643,61.810852,61.317463
60.13513,60.617935,60.774498,60.108074,61.338997,60.898922
60.10115,60.61275,60.734104,60.09717,61.305653,60.85725
60.170425,60.74945,60.82436,60.127388,61.440063,61.022526
60.267113,60.87071,60.919395,60.186672,61.57276,61.157543
60.148,60.740665,60.780396,60.114365,61.440083,61.01994
59.892246,60.502735,60.510376,59.90648,61.13359,60.711796
59.456657,60.10557,60.071884,59.518585,60.633636,60.260323
59.93737,60.662758,60.640305,59.988785,61.212986,60.877926
59.881893,60.64321,60.608746,59.958027,61.150803,60.837906
58.341026,59.046112,58.992054,58.35867,59.759842,59.32951
58.38035,59.096207,59.035538,58.394787,59.810806,59.367573
58.44909,59.184254,59.117805,58.46522,59.880924,59.440044
57.95178,58.673393,58.617477,57.977997,59.399345,58.955566
58.204903,58.943527,58.91037,58.23441,59.638237,59.20373
58.520813,59.25691,59.229378,58.51671,59.919594,59.542072
58.16663,58.90865,58.88643,58.213238,59.5514,59.192448
58.368134,59.09967,59.07627,58.378895,59.74412,59.414795
58.49698,59.205254,59.203278,58.488346,59.874573,59.564568
58.602715,59.2831,59.292187,58.570065,59.971,59.670906
58.71156,59.37307,59.39126,58.656075,60.044743,59.771957
59.877426,60.54792,60.527637,59.864685,61.13298,60.919712
59.8155,60.48044,60.46101,59.81031,61.03777,60.847454
59.76357,60.416515,60.43192,59.7585,60.899597,60.760666
59.860535,60.518845,60.546455,59.84017,60.938965,60.85668
59.48817,60.156403,60.219524,59.40035,60.583706,60.481102
59.40275,60.0924,60.181652,59.327133,60.449345,60.37148
59.538654,60.283012,60.355007,59.4753,60.55945,60.521065
59.684174,60.434532,60.56474,59.600037,60.68539,60.654255
59.642426,60.463448,60.589283,59.55592,60.621246,60.627
59.937874,60.80101,60.911446,59.845837,60.8886,61.044983
56.82648,57.732433,57.81327,56.717064,57.74953,58.126945
56.599182,57.554173,57.639244,56.5086,57.49828,58.061672
56.471844,57.45769,57.56199,56.35302,57.355312,58.085045
56.276722,57.27626,57.426125,56.120213,57.15852,58.067142
56.253414,57.258507,57.39775,56.104984,57.08245,58.11454
56.27545,57.286747,57.42482,56.126087,57.083828,58.229424
56.254528,57.26773,57.415245,56.100468,57.019825,58.284576
56.40933,57.41542,57.548195,56.23719,57.12524,58.46849
56.5933,57.58988,57.69566,56.399693,57.29493,58.676315
56.72894,57.72538,57.83632,56.51554,57.44206,58.885822
56.806355,57.80208,57.99141,56.57286,57.516697,59.073544
55.963802,57.081326,57.10843,55.81978,56.475147,57.992474
55.954994,57.066532,57.099552,55.79974,56.52782,57.94748
56.20135,57.293705,57.32908,56.008553,56.83709,58.15085
56.408478,57.500492,57.53229,56.203728,57.092247,58.331966
56.638927,57.721348,57.792,56.425312,57.37825,58.60359
56.875053,57.95812,58.04459,56.66936,57.667843,58.905815
56.85264,57.936123,58.042885,56.66808,57.671864,58.903034
57.20357,58.28073,58.38241,57.0037,58.086235,59.17964
57.260883,58.324047,58.47477,57.065258,58.196297,59.31924
53.299335,53.941216,54.200123,53.14327,53.98676,54.814552
53.562042,54.17011,54.409805,53.335735,54.245304,54.976902
53.524837,54.094624,54.385822,53.296207,54.237812,54.97307
53.568665,54.130585,54.408443,53.32429,54.2397,54.963398
53.80784,54.324924,54.60839,53.527798,54.482162,55.15524
53.85515,54.3346,54.53773,53.59261,54.40917,55.050953
54.090576,54.539642,54.738163,53.812393,54.655827,55.240417
54.402252,54.683594,54.888416,53.980896,54.817112,55.398396
54.869003,54.99208,55.193085,54.284004,55.166245,55.73786
55.17103,55.14963,55.336525,54.468086,55.350002,55.862507
55.440098,55.2832,55.464874,54.640343,55.503155,55.961407
52.340385,52.04122,52.071644,51.665638,52.13524,52.374077
52.20648,51.820335,51.775105,51.433357,51.865997,52.08715
52.553707,52.087234,52.056175,51.693928,52.19063,52.37314
52.81448,52.26924,52.27977,51.897804,52.398914,52.53102
53.01053,52.411797,52.400074,52.02667,52.50655,52.618347
53.338074,52.657917,52.729805,52.334675,52.854794,52.924206
53.473885,52.723537,52.80724,52.448963,52.938576,52.97369
53.596508,52.86264,52.882294,52.536064,53.01544,53.020004
53.626167,52.869057,52.92081,52.566025,53.02271,53.00072
53.53614,52.76474,52.836613,52.48619,52.896507,52.84943
51.926353,51.209557,51.323246,50.89211,51.472576,51.361687
51.366074,50.615578,50.689762,50.346405,50.784466,50.76105
51.85466,51.113045,51.255486,50.858128,51.379158,51.30267
52.054432,51.30177,51.458385,51.06894,51.549053,51.446064
51.928383,51.18677,51.36814,51.00127,51.403645,51.288895
51.957108,51.220337,51.416912,51.06393,51.42437,51.289257
51.72358,50.9782,51.180836,50.882103,51.138515,50.96178
51.959167,51.193363,51.42124,51.117756,51.394756,51.193127
52.100082,51.358482,51.614914,51.278545,51.594215,51.36102
51.70193,51.002792,51.231148,50.951027,51.153545,50.91204
50.454323,49.77563,49.924107,49.942047,49.67098,49.362488
50.80644,50.15579,50.297028,50.314884,50.123634,49.769302
51.20355,50.503162,50.681305,50.764694,50.53189,50.11574
51.18617,50.499996,50.67532,50.81917,50.521008,50.09678
51.13104,50.480278,50.64304,50.83075,50.472057,50.055843
51.041393,50.39502,50.532204,50.786404,50.350548,49.93047
51.204636,50.555225,50.676857,50.998787,50.51327,50.053875
51.30262,50.64973,50.764393,51.128384,50.607708,50.124283
51.348816,50.69229,50.804295,51.200027,50.64777,50.153976
51.31136,50.662506,50.75956,51.202885,50.60474,50.086136
50.996456,50.343967,50.429405,50.964024,50.293312,49.784676
52.692005,52.955822,52.945198,52.671127,52.868668,52.56618
52.770752,53.01256,53.042,52.729725,52.937508,52.618042
52.871216,53.108063,53.17895,52.808372,53.06516,52.766685
52.788868,53.00467,53.115017,52.705257,52.96358,52.679653
52.62244,52.83676,52.95807,52.541355,52.76794,52.491688
52.447563,52.624462,52.771297,52.423218,52.539207,52.27016
55.530365,55.683212,56.122524,55.5375,56.14351,55.772552
55.48675,55.61648,56.10271,55.531124,56.06819,55.717804
55.37763,55.484856,56.008377,55.46337,55.92156,55.58425
55.368107,55.464645,56.00951,55.485245,55.897682,55.56913
55.461594,55.549282,56.12264,55.56275,56.03018,55.70579
55.506344,55.54431,56.142563,55.64543,56.047794,55.67628
55.327972,55.369614,55.962013,55.507294,55.852917,55.477905
55.319782,55.3582,55.99954,55.498894,55.901165,55.51507
55.10383,55.154015,55.793224,55.307095,55.717785,55.362175
55.330658,55.343586,56.072273,55.532722,55.964676,55.588356
55.193542,55.19514,55.949886,55.40872,55.80353,55.457024
59.18092,59.26374,60.023968,59.352352,59.72073,59.40427
59.022503,59.136826,59.902378,59.243214,59.524105,59.247574
59.14076,59.2403,60.03385,59.359802,59.633144,59.334236
58.94926,59.032627,59.839554,59.19794,59.406708,59.129692
59.006054,59.066032,59.906593,59.25398,59.442444,59.15789
59.013596,59.07294,59.933395,59.25149,59.435463,59.162876
59.11483,59.14015,60.01481,59.328316,59.512634,59.23088
59.110542,59.136757,60.024063,59.322468,59.505005,59.240498
58.571632,58.627323,59.519363,58.828472,58.959087,58.75313
60.868965,60.884556,61.797974,60.93584,61.614555,61.181206
60.728317,60.751106,61.68045,60.80988,61.46819,61.054577
60.67047,60.696236,61.622566,60.74888,61.40461,61.011856
60.392937,60.445755,61.350906,60.495483,61.09318,60.740135
60.363853,60.413845,61.296917,60.467487,61.049828,60.67724
60.27047,60.324333,61.19262,60.373394,60.930645,60.573643
60.498478,60.550774,61.3964,60.577198,61.18483,60.78268
60.481243,60.528282,61.35784,60.555054,61.180542,60.757275
61.024956,61.055943,61.870876,61.049755,61.735264,61.26916
61.093212,61.102383,61.89954,61.09295,61.785904,61.306038
61.141945,61.125034,61.91281,61.12405,61.821266,61.329514
64.20033,64.27975,65.03259,64.34163,64.77497,64.39782
63.63023,63.703064,64.42333,63.80614,64.158,63.85204
63.66691,63.71363,64.407104,63.808323,64.156586,63.84633
63.843758,63.87522,64.54055,63.948242,64.31379,64.049835
63.733643,63.712418,64.35946,63.799423,64.202896,63.903843
63.767223,63.77728,64.41985,63.864937,64.23751,64.00822
63.803513,63.80624,64.42626,63.868896,64.24415,64.02486
63.885914,63.894405,64.448944,63.90257,64.299675,64.04662
63.915325,63.909557,64.46935,63.908367,64.27968,64.10775
64.05386,64.037186,64.55156,64.01534,64.3847,64.209724
64.25713,64.24019,64.72044,64.20949,64.570526,64.40811
61.914474,61.825195,62.24478,61.771957,62.34672,62.05514
61.919285,61.825783,62.21765,61.756973,62.330357,62.07417
61.893787,61.79871,62.141018,61.713882,62.256092,62.03626
62.12306,62.006695,62.322323,61.927113,62.424805,62.25693
62.153915,62.018074,62.29318,61.992374,62.406887,62.25363
62.363327,62.193275,62.465214,62.197704,62.514202,62.463474
62.42574,62.24143,62.49578,62.266117,62.473198,62.509186
62.414497,62.21682,62.45749,62.272133,62.417923,62.489323
62.413467,62.199627,62.42637,62.28119,62.392334,62.46452
62.453175,62.23205,62.451233,62.336666,62.379124,62.486465
62.63091,62.411037,62.550686,62.59443,62.550858,62.602592
62.811962,62.57965,62.699688,62.785202,62.650505,62.771107
62.761776,62.50133,62.593773,62.723724,62.59081,62.686176
62.661674,62.391163,62.48171,62.62129,62.482876,62.601227
62.79753,62.54606,62.6221,62.761368,62.558235,62.763912
62.747192,62.46705,62.520798,62.68169,62.506687,62.73521
62.79572,62.489162,62.519196,62.706318,62.511707,62.78086
62.110214,61.852554,61.899834,61.951923,61.993397,62.20712
62.184772,61.91841,61.947975,62.005226,62.03765,62.292473
62.481388,62.188644,62.19134,62.29619,62.22578,62.557373
62.442337,62.1768,62.158638,62.245384,62.207634,62.554256
58.38515,58.081635,58.012157,58.184902,58.14901,58.484608
59.076298,58.72308,58.589405,58.844955,58.686966,59.077213
59.044147,58.70373,58.556236,58.80322,58.635323,59.042225
58.54642,58.301693,58.17396,58.314827,58.23134,58.615917
58.33177,58.076126,57.927826,58.07432,58.0513,58.36489
58.216602,57.955204,57.80623,57.933826,57.965687,58.240257
57.256744,57.009853,56.93684,56.950363,57.28346,57.37173
57.438446,57.193184,57.099216,57.123352,57.42807,57.531906
56.502518,56.2517,56.229156,56.204845,56.592785,56.635532
56.69369,56.425446,56.373882,56.39169,56.72168,56.772297
55.06943,54.978794,54.78215,54.89651,55.03874,55.03295
55.529964,55.435345,55.198975,55.33971,55.494186,55.424618
55.643795,55.547523,55.32908,55.433914,55.602936,55.58092
55.57464,55.47855,55.27926,55.3464,55.55291,55.530712
55.48353,55.39398,55.19031,55.273354,55.488827,55.426517
54.406746,54.36528,54.268127,54.237022,54.58979,54.50591
54.649498,54.61825,54.5645,54.489273,54.885868,54.831562
54.75866,54.720345,54.647243,54.59343,55.04314,54.923492
54.80394,54.77813,54.6881,54.64814,55.12983,54.95132
54.688145,54.679012,54.581905,54.55359,55.03495,54.835163
50.855865,50.60171,50.62639,50.696552,51.029,50.74299
51.035908,50.78643,50.81906,50.862797,51.220276,50.962513
51.26112,51.00031,51.034874,51.067272,51.464252,51.23136
51.22757,50.974213,51.010876,51.056698,51.46881,51.237274
51.207706,50.968647,50.997345,51.04811,51.483288,51.213303
51.13868,50.911594,50.924,50.994118,51.463207,51.0877
51.106888,50.901752,50.91021,50.97202,51.482513,51.095436
51.294693,51.13196,51.11969,51.139374,51.630253,51.284687
51.403126,51.25938,51.21689,51.20863,51.69012,51.39066
47.92205,47.826214,47.65345,47.88536,48.051567,47.69101
47.955837,47.887215,47.666294,47.92101,48.11348,47.73817
48.018475,47.9808,47.77433,47.986835,48.198124,47.908108
63.623062,63.863255,63.503147,63.850574,63.614986,64.448494
63.303654,63.575695,63.238365,63.6369,63.347794,64.14179
63.73153,63.939144,63.60573,63.97147,63.753456,64.494484
63.652683,63.885735,63.56107,63.919926,63.71384,64.4355
63.86337,64.0794,63.766438,64.11108,63.93279,64.5941
63.497864,63.789295,63.444656,63.780083,63.66674,64.300156
63.746773,63.957527,63.6799,64.02468,63.88823,64.38199
64.03764,64.11918,64.02708,64.39288,64.295105,64.64174
64.11006,64.186226,64.118454,64.44211,64.38534,64.685684
64.37753,64.440834,64.39487,64.68225,64.66474,64.90039
64.29362,64.35056,64.331696,64.609695,64.61668,64.77786
64.84729,64.896385,64.848305,65.02529,65.18851,65.27649
64.491104,64.55763,64.51179,64.697426,64.81959,64.89995
64.55788,64.62429,64.57173,64.740234,64.88511,64.917786
64.5174,64.58952,64.52613,64.70227,64.85683,64.85708
65.34493,65.35475,65.253555,65.39439,65.61677,65.46015
64.56865,64.64397,64.5476,64.71643,64.85663,64.8115
64.4911,64.579666,64.45028,64.63209,64.764084,64.679146
67.69056,67.757774,67.531685,67.698875,67.74246,67.628075
67.65666,67.701485,67.47188,67.65982,67.66912,67.51157
67.59816,67.65821,67.43458,67.606514,67.61605,67.46776
67.57534,67.6861,67.444275,67.59694,67.62035,67.492195
67.180695,67.37263,67.08921,67.25409,67.22323,67.1669
67.05096,67.25508,66.946365,67.11744,67.06401,67.00949
67.377335,67.56057,67.254486,67.409065,67.38403,67.276
66.98888,67.202156,66.86924,67.0598,66.925285,66.86057
67.509125,67.69254,67.368195,67.52972,67.44989,67.3477
67.360596,67.54888,67.22108,67.39255,67.25635,67.17803
67.14051,67.19581,66.947266,67.08961,67.01557,66.92198
67.11957,67.16801,66.916214,67.09219,66.968956,66.87012
67.2629,67.309296,67.063354,67.23579,67.09139,67.009285
67.13587,67.18158,66.93357,67.127426,66.956535,66.89525
67.03374,67.06519,66.82974,67.03669,66.817085,66.76969
66.95136,66.98245,66.7563,66.96195,66.70531,66.67503
66.89443,66.9332,66.72298,66.93726,66.62391,66.63737
66.80478,66.83858,66.63962,66.889404,66.51484,66.53003
66.850845,66.87458,66.667336,66.93428,66.55116,66.58228
66.72009,66.78817,66.57265,66.83578,66.43185,66.49404
66.686325,66.770004,66.54774,66.83886,66.38076,66.43601
68.84509,69.11609,68.76244,69.046104,68.411316,68.68848
68.46804,68.78432,68.412605,68.70142,68.10648,68.35614
68.406364,68.74525,68.36482,68.65988,68.04381,68.31247
68.341736,68.69353,68.31114,68.614,67.97848,68.2631
68.18387,68.54971,68.164986,68.4975,67.83492,68.147255
68.41815,68.77947,68.408775,68.7349,68.00368,68.34453
68.03506,68.415115,68.03362,68.3806,67.68669,68.01501
68.313995,68.72789,68.360504,68.70294,67.88844,68.25102
67.99214,68.426186,68.00662,68.37737,67.68185,67.97264
68.1584,68.60105,68.19693,68.535355,67.89019,68.1373
68.135635,68.60031,68.18869,68.53852,67.90551,68.134056
63.97138,64.22554,63.999405,64.185616,63.543373,63.70369
63.974693,64.23754,63.998905,64.205635,63.540997,63.695057
63.96414,64.232635,63.989426,64.215775,63.530617,63.69894
63.740856,64.01738,63.726074,63.96205,63.405693,63.533543
63.812256,64.07875,63.802628,64.03357,63.479916,63.566185
63.909733,64.157,63.875565,64.15355,63.522205,63.69114
63.684765,63.90628,63.622692,63.91229,63.342693,63.47524
63.707836,63.951504,63.62421,63.939182,63.368637,63.492844
63.695335,63.948303,63.591583,63.94772,63.368774,63.48007
63.559322,63.814518,63.403732,63.844112,63.269066,63.270405
63.64985,63.917942,63.514954,63.94263,63.306065,63.417355
63.39982,63.668148,63.215702,63.710728,63.106125,63.091476
60.253834,60.521255,60.0715,60.81572,60.04269,59.870953
60.174625,60.435345,60.000233,60.778183,59.990917,59.794094
60.089542,60.374493,59.913143,60.708847,59.946075,59.709396
60.049118,60.34391,59.8754,60.684204,59.945618,59.67611
60.042393,60.37745,59.87954,60.6819,59.96907,59.66282
59.993416,60.361652,59.841496,60.63997,59.94078,59.61804
60.033947,60.431717,59.88618,60.667274,60.003452,59.66904
60.021854,60.453087,59.86967,60.66161,60.01254,59.65307
60.12394,60.518993,59.94108,60.75883,60.087578,59.695778
60.088463,60.5001,59.90149,60.731205,60.04325,59.648884
56.960567,57.166508,56.759212,57.514828,57.01429,56.441246
56.774467,57.06153,56.63793,57.372383,56.89066,56.28827
57.096066,57.32423,56.900185,57.668026,57.156162,56.526978
56.673595,56.965004,56.531586,57.278217,56.79429,56.181328
56.778408,57.035053,56.596462,57.38498,56.87936,56.22607
56.524647,56.80412,56.368534,57.153282,56.650856,55.999535
56.51169,56.779526,56.35401,57.086674,56.6595,56.00445
56.486774,56.73923,56.3427,57.05882,56.63827,55.972748
56.432716,56.6628,56.29431,56.98783,56.586082,55.917465
56.41345,56.629856,56.290016,56.965954,56.57587,55.901855
56.15041,56.457172,56.115932,56.83163,56.345196,55.76474
56.305717,56.58762,56.300034,56.971203,56.541073,55.952003
56.390602,56.66632,56.375973,57.088966,56.627556,56.009083
56.418472,56.664795,56.42054,57.126423,56.726402,56.076797
56.423866,56.65339,56.424595,57.149662,56.775303,56.084743
56.426933,56.644375,56.440582,57.17064,56.8361,56.108524
56.424847,56.626873,56.44592,57.182213,56.867474,56.104027
56.416348,56.602173,56.435425,57.184513,56.8853,56.0924
56.411198,56.592144,56.43186,57.16487,56.91079,56.119946
56.71487,56.86973,56.738186,57.479416,57.17319,56.37448
53.380165,53.40547,53.443096,54.196823,53.762047,52.849514
53.40358,53.395283,53.472076,54.196518,53.758057,52.842064
53.1363,53.11233,53.216515,53.920982,53.510426,52.58807
53.371265,53.289127,53.462215,54.14285,53.733257,52.789772
53.364002,53.279427,53.482464,54.12667,53.710415,52.753887
53.39999,53.272045,53.49063,54.116688,53.7774,52.796127
53.54026,53.387123,53.647278,54.238373,53.91252,52.91042
53.493366,53.324215,53.592922,54.217815,53.881027,52.871986
53.507618,53.35004,53.684307,54.25379,53.872818,52.849144
47.48165,47.309635,47.221386,47.25054,47.77668,47.64839
47.461124,47.28157,47.21013,47.22854,47.757458,47.643932
47.51724,47.340595,47.296345,47.271904,47.84171,47.744457
46.683414,46.47444,46.453705,46.516895,46.92118,46.84123
46.540653,46.34704,46.33919,46.41461,46.81249,46.77591
46.50303,46.289646,46.30991,46.377815,46.76771,46.745552
46.574863,46.32411,46.372433,46.411808,46.79154,46.753105
46.531498,46.265926,46.336674,46.37033,46.738277,46.709476
46.489895,46.213295,46.30399,46.331318,46.68797,46.672047
46.334328,46.070793,46.1718,46.219315,46.56352,46.585968
46.293747,46.02412,46.14172,46.181904,46.51506,46.547203
46.249493,45.974003,46.102608,46.141315,46.460884,46.503517
46.319054,46.016514,46.159855,46.173927,46.482224,46.50168
46.275948,45.969078,46.12114,46.13304,46.42762,46.455135
46.125214,45.85362,45.992393,46.02218,46.304096,46.36452
46.088467,45.831707,45.96084,45.987846,46.259304,46.327374
46.049793,45.806652,45.92751,45.954205,46.214012,46.290314
46.122616,45.880314,45.991257,45.99527,46.244316,46.296627
46.07925,45.85869,45.95209,45.96001,46.197937,46.254227
46.05262,45.851974,45.944862,45.941895,46.16732,46.241707
45.90696,45.746117,45.83282,45.843628,46.055775,46.174786
45.87738,45.734367,45.819176,45.821476,46.032223,46.154808
45.84483,45.71797,45.802185,45.795467,46.003864,46.129433
45.811367,45.698696,45.7828,45.76722,45.970505,46.097485
45.890987,45.77113,45.858772,45.81276,46.01201,46.109783
45.854218,45.747555,45.832085,45.780952,45.975067,46.07304
46.98678,46.98499,47.05516,46.968857,47.025517,47.298103
46.941624,46.947983,47.028687,46.926647,46.989723,47.25983
46.94046,46.95946,47.039722,46.921326,46.9861,47.258823
47.249805,47.280525,47.317207,47.18657,47.257427,47.507694
47.40251,47.4454,47.47553,47.32196,47.41229,47.651337
47.38388,47.432316,47.461956,47.296528,47.380276,47.61091
47.17249,47.222996,47.27056,47.113842,47.165176,47.39497
47.00979,47.061634,47.1113,46.95205,46.995575,47.219143
47.13605,47.181564,47.23177,47.062023,47.128403,47.328724
47.111687,47.169693,47.227158,47.047665,47.136913,47.32077
47.03376,47.095806,47.160347,46.98591,47.0595,47.23224
47.1301,47.203186,47.30371,47.039196,47.12288,47.360115
47.091496,47.20194,47.254417,47.008415,47.081375,47.29201
47.118675,47.25488,47.277233,47.026455,47.12145,47.305683
47.065292,47.226418,47.22617,46.982635,47.066597,47.245922
47.282272,47.47224,47.455128,47.176926,47.315525,47.48139
47.193756,47.40516,47.369526,47.09368,47.22586,47.378063
46.923077,47.14195,47.081703,46.854176,46.912674,47.050064
46.827385,47.05262,46.951557,46.764606,46.817226,46.92658
46.764637,47.007095,46.884567,46.722588,46.752327,46.85943
46.701202,46.94412,46.8084,46.646107,46.693058,46.78517
46.87059,47.169033,46.828327,46.810825,46.79591,46.872917
46.863083,47.170593,46.78475,46.77915,46.782505,46.892834
46.88557,47.211395,46.78434,46.777287,46.803112,46.93376
46.72696,47.060204,46.619576,46.63887,46.648796,46.793716
46.66277,46.987892,46.543015,46.59663,46.57886,46.71055
46.94164,47.228695,46.776558,46.810825,46.809845,46.959885
46.778667,47.09579,46.6035,46.66238,46.666374,46.847416
46.751995,47.07368,46.56576,46.63694,46.632114,46.836205
46.66686,46.993214,46.464527,46.56328,46.534084,46.766743
46.69146,47.01513,46.488388,46.578773,46.543365,46.787804
46.465702,46.78983,46.238922,46.38729,46.30021,46.57754
47.80862,48.10462,47.671253,47.746754,47.803143,48.007107
47.557804,47.832375,47.37066,47.477848,47.459454,47.680046
47.713642,47.97365,47.51031,47.6383,47.57823,47.83116
47.730858,48.031284,47.54851,47.676548,47.62051,47.87073
47.694,48.041187,47.560257,47.65453,47.66072,47.917484
47.59044,47.960873,47.4554,47.548954,47.548374,47.810505
47.60745,47.982525,47.464993,47.564594,47.541103,47.79075
47.90136,48.22071,47.69527,47.83382,47.788086,47.972946
47.915203,48.270115,47.741367,47.85969,47.81726,48.023705
47.597233,47.996418,47.456547,47.573227,47.52821,47.76123
47.436497,47.844116,47.30084,47.42247,47.359695,47.584255
47.74528,48.169174,47.678623,47.84784,47.638958,47.82403
47.775517,48.1985,47.720943,47.883354,47.668087,47.837883
47.83983,48.26839,47.80483,47.94135,47.75298,47.93386
48.01868,48.440205,48.0106,48.120018,47.92086,48.06499
48.029106,48.448887,48.024467,48.121735,47.94062,48.065296
47.70901,48.115868,47.73803,47.84038,47.64157,47.77891
47.58208,47.97269,47.634655,47.74675,47.530132,47.634987
47.708572,48.08147,47.737103,47.844395,47.634094,47.723568
48.246605,48.619026,48.24731,48.279293,48.160004,48.198395
47.6531,48.00691,47.696217,47.78981,47.581398,47.647186
47.68229,48.021194,47.722538,47.808537,47.610962,47.66279
48.55916,48.7625,48.523632,48.63798,48.450634,48.331
48.493187,48.678608,48.45256,48.586506,48.38627,48.285862
48.40851,48.57519,48.370476,48.509434,48.29927,48.20956
48.271923,48.425056,48.25221,48.378777,48.188183,48.109814
48.000004,48.185204,48.07103,48.15471,48.017708,47.9959
47.821095,47.990852,47.849224,47.994896,47.803493,47.79029
47.883213,48.0359,47.92089,48.051594,47.876568,47.856518
48.037033,48.15281,48.1118,48.1911,48.03953,48.009186
48.109913,48.210434,48.215878,48.250725,48.122356,48.070507
48.06399,48.151993,48.188595,48.208996,48.07721,48.024254
48.031403,48.10714,48.16145,48.173954,48.025944,47.96723
50.238518,50.36943,50.390472,50.22338,50.097397,50.28925
50.108818,50.24346,50.269623,50.108444,49.9811,50.164886
50.00425,50.1495,50.189735,49.992496,49.890244,50.05424
50.114857,50.247154,50.325348,50.107212,50.0279,50.15173
50.185505,50.30794,50.398556,50.165134,50.11305,50.199726
50.295704,50.41526,50.513615,50.252674,50.240242,50.295708
50.317085,50.411552,50.5078,50.276817,50.236176,50.260483
50.455853,50.53328,50.643673,50.396698,50.403664,50.39196
50.127155,50.19161,50.320797,50.09119,50.12291,50.02872
50.193596,50.27458,50.374985,50.141697,50.204258,50.117336
59.045338,59.33838,59.019146,59.14558,59.885532,60.487602
58.538715,58.87325,58.42972,58.59345,59.26829,59.777557
58.6904,59.03495,58.602917,58.74045,59.436646,59.91863
59.013294,59.378613,58.975063,59.071655,59.82849,60.306477
58.91669,59.29943,58.912457,59.010952,59.749165,60.173553
59.20907,59.628036,59.281013,59.316616,60.12951,60.563625
59.447937,59.883396,59.523743,59.514328,60.39651,60.79025
59.56771,60.019848,59.66065,59.633522,60.53955,60.88293
59.408104,59.87769,59.501926,59.482964,60.38738,60.661224
59.49477,59.978664,59.598827,59.575325,60.492115,60.70336
56.412716,56.80655,56.478252,56.453655,57.46769,57.612625
56.273594,56.615864,56.26635,56.280167,57.176273,57.181786
56.378563,56.71218,56.350735,56.3668,57.242504,57.189972
56.32156,56.68112,56.309944,56.328842,57.18429,57.117016
56.503803,56.879913,56.52932,56.493263,57.404533,57.280426
56.437008,56.816902,56.458378,56.444447,57.347893,57.17372
56.472378,56.851192,56.473095,56.479584,57.36935,57.13866
56.474014,56.868702,56.557575,56.518604,57.411705,57.178505
56.65072,57.017826,56.71227,56.6903,57.579334,57.2824
57.087986,57.43125,57.162,57.09746,58.03611,57.686264
57.15273,57.484287,57.222954,57.172127,58.09432,57.704266
57.305737,57.65727,57.345226,57.326607,58.248013,57.839695
56.7795,57.19161,56.837017,56.809208,57.664368,57.26872
56.956806,57.346848,56.98729,57.00516,57.799828,57.412712
57.111645,57.4997,57.129467,57.174267,57.920364,57.548588
57.015625,57.399227,57.03347,57.110073,57.78628,57.438747
56.95243,57.332897,56.955505,57.080887,57.689835,57.357105
57.06714,57.458862,57.046776,57.214794,57.722237,57.41831
56.982727,57.37261,56.953384,57.151035,57.61565,57.34881
56.823696,57.206825,56.810574,57.02876,57.42994,57.19077
57.19544,57.57602,57.197388,57.41949,57.769814,57.550583
57.38833,57.78989,57.35579,57.61879,57.932426,57.704838
55.196938,55.393227,55.10308,55.302574,55.596848,55.338013
55.223984,55.441635,55.13292,55.327587,55.587288,55.34715
55.160995,55.379757,55.10492,55.282227,55.51367,55.302097
54.8545,55.1431,54.83451,54.98835,55.24478,55.079815
54.46737,54.767097,54.40387,54.607334,54.80489,54.61041
54.405144,54.701916,54.31415,54.5408,54.724506,54.517998
54.400864,54.72201,54.324306,54.483315,54.762333,54.531948
54.423046,54.737534,54.32907,54.50471,54.785076,54.55103
54.61999,54.915062,54.510487,54.701004,55.010605,54.748215
54.621693,54.931236,54.46979,54.68175,54.968033,54.723965
53.745518,54.1141,53.569607,53.813957,54.070786,53.856556
52.64666,53.036556,52.52096,52.797745,52.906994,52.798836
52.61751,52.99209,52.449646,52.758247,52.8276,52.71609
52.95822,53.316372,52.783405,53.10345,53.14969,53.026123
52.908134,53.260925,52.71174,53.058346,53.101246,52.980133
52.86164,53.205334,52.652035,53.011173,53.03441,52.910603
52.545494,52.897125,52.321598,52.681488,52.704926,52.589523
52.497154,52.8091,52.26997,52.630833,52.63826,52.53356
52.44636,52.718914,52.214157,52.568226,52.54914,52.44551
52.413322,52.652454,52.161854,52.53396,52.513626,52.423088
52.328255,52.598095,52.116577,52.40128,52.51249,52.456055
52.29224,52.547142,52.079666,52.362854,52.496067,52.42037
53.651375,53.89996,53.425716,53.642452,53.98326,53.817097
53.096466,53.353077,52.853134,53.114994,53.39314,53.25193
53.333393,53.585903,53.12325,53.385296,53.692146,53.521652
52.86725,53.10986,52.651535,52.92667,53.23942,53.085716
52.66001,52.895004,52.43976,52.747875,53.04303,52.882133
52.758423,52.984737,52.52234,52.832935,53.153194,52.975594
52.87642,53.134617,52.647705,52.944435,53.29145,53.1433
52.74047,53.026833,52.53482,52.831745,53.170246,53.036964
52.26963,52.58589,52.107944,52.42989,52.720753,52.649006
52.35329,52.686657,52.191692,52.514687,52.81412,52.818565
52.98959,53.449165,52.95338,53.26257,53.36851,53.4938
53.25114,53.741558,53.240337,53.5089,53.654633,53.76772
53.17033,53.676113,53.182606,53.424397,53.61045,53.73543
53.49005,54.02298,53.51332,53.71634,53.951576,54.085056
53.77079,54.34627,53.808926,53.98696,54.228577,54.353237
53.642895,54.232998,53.714878,53.87316,54.108635,54.256393
53.59132,54.18174,53.687904,53.81652,54.036774,54.19711
53.65444,54.219345,53.73482,53.84256,54.061897,54.246605
53.6466,54.156155,53.774364,53.820183,54.054607,54.239044
53.496162,53.884285,53.51028,53.592632,53.84041,53.9615
53.458126,53.831974,53.464966,53.47776,53.79097,53.91301
53.231346,53.589867,53.235344,53.269794,53.516598,53.643444
53.40831,53.72228,53.486416,53.405,53.572952,53.749847
53.22229,53.535976,53.25926,53.20508,53.320843,53.503212
53.274307,53.563766,53.305073,53.238533,53.35838,53.529743
53.09567,53.374847,53.105427,53.071533,53.14358,53.30232
53.231003,53.52451,53.2534,53.178787,53.28254,53.40496
53.554913,53.845306,53.55356,53.5178,53.666023,53.679184
53.566086,53.85932,53.57232,53.535496,53.6818,53.67097
53.22621,53.60066,53.342503,53.2347,53.42515,53.467224
53.175083,53.508,53.21567,53.18098,53.28954,53.269722
53.48381,53.93131,53.476013,53.41084,53.57263,53.615017
53.47912,53.92521,53.46173,53.417374,53.551872,53.574974
53.53041,53.9636,53.449802,53.43158,53.5462,53.50371
53.53524,53.973267,53.476345,53.43049,53.564106,53.48718
53.6265,54.06631,53.60742,53.530323,53.693035,53.598427
53.625374,54.057846,53.633224,53.532997,53.70895,53.604527
53.54313,53.984337,53.555676,53.455086,53.613358,53.483257
53.38208,53.8406,53.436153,53.31487,53.481056,53.354935
53.350754,53.820267,53.448685,53.28659,53.478672,53.37053
53.397316,53.87369,53.507393,53.32978,53.51435,53.40292
53.999474,54.4198,54.145565,53.989635,54.13733,53.923187
53.954052,54.375473,54.108047,53.94171,54.084854,53.88178
53.852684,54.28062,54.01298,53.839092,54.000145,53.78965
53.814613,54.240707,53.97177,53.795406,53.965378,53.751637
53.619946,54.041286,53.80562,53.622444,53.808098,53.532948
53.744827,54.17624,53.93007,53.705463,53.950485,53.66646
41.5552,41.156063,40.882317,40.80073,41.440437,40.962513
41.31311,40.944706,40.672684,40.613434,41.241817,40.741894
41.369007,41.012615,40.678314,40.67687,41.298203,40.77404
41.48885,41.12018,40.75868,40.802177,41.396263,40.8754
41.521454,41.154255,40.7601,40.84536,41.419888,40.902157
41.588863,41.208187,40.79838,40.91413,41.454613,40.939625
41.609585,41.24118,40.80119,40.946342,41.46365,40.95721
41.64441,41.291245,40.819054,40.99534,41.49151,40.99508
41.60902,41.266,40.769245,40.976704,41.426643,40.92945
41.616413,41.289062,40.771145,40.99601,41.43091,40.95939
41.638783,41.32012,40.789467,41.03003,41.436775,40.990864
41.520058,41.218594,40.692154,40.937794,41.298664,40.89791
41.522434,41.25303,40.701366,40.95681,41.27871,40.916126
41.59774,41.322643,40.757095,41.03371,41.33038,41.030766
41.569912,41.302555,40.733192,41.018963,41.285645,41.02808
41.433136,41.173805,40.613148,40.899742,41.14818,40.920277
41.445812,41.18694,40.62855,40.92151,41.148552,40.95559
41.45308,41.179672,40.634586,40.928772,41.13336,40.970207
41.408146,41.13027,40.609848,40.887104,41.088303,40.955387
41.41699,41.13236,40.618385,40.89882,41.082817,40.974567
41.364616,41.080322,40.592747,40.856247,41.037693,40.95084
41.365723,41.072266,40.59437,40.853844,41.02417,40.951008
41.385136,41.08262,40.60702,40.866966,41.0282,40.96856
41.417854,41.099384,40.644974,40.894756,41.032722,41.012074
41.420662,41.095387,40.64541,40.893993,41.01276,41.01496
41.49646,41.15914,40.724934,40.96716,41.06252,41.132133
41.488235,41.14595,40.721485,40.9538,41.028477,41.154526
41.502483,41.15305,40.73087,40.957336,41.013554,41.193897
41.493504,41.135147,40.72287,40.936665,40.97344,41.204227
41.528645,41.14931,40.755135,40.956944,40.963306,41.228767
41.558014,41.158455,40.769302,40.966164,40.955116,41.26368
41.565258,41.15904,40.791664,40.961945,40.928646,41.271908
41.57951,41.157486,40.80091,40.961872,40.91164,41.29352
41.60419,41.170986,40.818848,40.973606,40.91205,41.328537
41.602955,41.159794,40.820557,40.96899,40.891056,41.337284
41.736588,41.29293,40.971325,41.09211,41.004528,41.50191
41.754105,41.30273,40.985588,41.102264,41.00961,41.525692
41.80851,41.34895,41.046967,41.14779,41.046783,41.59066
41.818226,41.355724,41.05788,41.154045,41.049347,41.60541
39.065083,38.67975,38.4106,38.615723,38.39736,38.71847
32.021454,31.742622,31.543373,31.74101,31.488277,31.790737
31.988478,31.709028,31.51825,31.70904,31.434229,31.755787
31.951311,31.669327,31.488138,31.673994,31.378988,31.714926
32.10424,31.80543,31.648977,31.790405,31.496395,31.826132
32.089245,31.792067,31.643688,31.781446,31.48376,31.808472
32.094242,31.81677,31.658901,31.791487,31.491764,31.811289
31.911112,31.666945,31.49223,31.65318,31.333757,31.662539
31.911215,31.68377,31.508451,31.658495,31.338514,31.658567
31.905262,31.6939,31.51814,31.658834,31.337948,31.648706
31.898401,31.702312,31.52614,31.657562,31.336485,31.636168
32.07365,31.878313,31.716478,31.800114,31.49726,31.76913
32.064922,31.880781,31.720453,31.796988,31.494873,31.763144
32.054695,31.88108,31.722757,31.7922,31.491465,31.756044
31.847672,31.696802,31.528936,31.636257,31.315027,31.589834
31.864344,31.698982,31.536818,31.642868,31.319677,31.586878
31.871977,31.693684,31.532055,31.642214,31.319387,31.574614
32.069347,31.86571,31.721136,31.795368,31.498474,31.721607
32.07269,31.859407,31.71734,31.794703,31.50449,31.712173
31.890135,31.682188,31.527504,31.647482,31.35014,31.554457
31.891983,31.67436,31.524035,31.644627,31.358524,31.5431
31.891106,31.665056,31.518951,31.639994,31.36394,31.529541
32.084736,31.83804,31.7117,31.792389,31.56034,31.674511
32.097523,31.849377,31.72527,31.802849,31.61477,31.680122
31.909412,31.682205,31.544533,31.658424,31.490595,31.52923
31.90314,31.682734,31.547129,31.658192,31.524946,31.522345
31.881433,31.674337,31.540966,31.650187,31.546188,31.505953
32.057034,31.846458,31.731066,31.811235,31.742,31.647902
32.040874,31.83925,31.728073,31.817358,31.761105,31.634949
32.0391,31.860846,31.74245,31.83404,31.79328,31.635767
31.851942,31.70602,31.568502,31.70284,31.658964,31.498652
31.843521,31.71646,31.57489,31.712423,31.682217,31.503115
31.829317,31.71958,31.574226,31.715254,31.69561,31.499006
31.821728,31.728779,31.579466,31.72592,31.728142,31.501925
31.996752,31.904243,31.76766,31.879793,31.919735,31.648352
31.989927,31.910702,31.769133,31.897005,31.944426,31.649076
31.99205,31.925104,31.779135,31.924358,31.974104,31.668167
31.813148,31.783682,31.606894,31.805115,31.83792,31.539505
31.81551,31.807123,31.61756,31.830498,31.86183,31.552664
32.000927,31.998077,31.81294,31.99899,32.04602,31.710577
31.990114,32.00754,31.811052,32.009377,32.051773,31.711199
31.798088,31.844671,31.628775,31.873083,31.891068,31.572947
31.791672,31.84889,31.634157,31.887558,31.89511,31.580622
31.78033,31.847652,31.634787,31.897314,31.89374,31.583372
31.961292,32.0257,31.829397,32.060436,32.06447,31.749868
31.971361,32.043034,31.84755,32.085835,32.09373,31.777105
31.975084,32.053066,31.859333,32.104088,32.114525,31.796862
36.532265,36.751976,36.479374,36.605877,37.073696,36.662704
36.63329,36.87001,36.621353,36.708855,37.220844,36.82617
36.62007,36.857986,36.56239,36.694183,37.151104,36.75962
36.73171,36.96577,36.665817,36.805443,37.257545,36.879448
36.967686,37.178345,36.887074,36.99325,37.454353,37.127827
37.02364,37.232777,36.93158,37.042187,37.50495,37.17262
37.1363,37.32983,37.03605,37.147366,37.58614,37.241013
37.024853,37.237675,36.93294,37.029495,37.456085,37.17682
37.141308,37.350082,37.037754,37.12841,37.557316,37.289024
37.07433,37.303158,36.975754,37.076397,37.510765,37.21299
37.00239,37.233833,36.848724,37.022976,37.372154,37.06608
37.118114,37.362907,36.968113,37.11981,37.47482,37.179096
37.130978,37.41694,37.074528,37.228943,37.424427,37.23519
37.197517,37.494823,37.119286,37.273895,37.452374,37.281353
37.450157,37.76519,37.412086,37.507328,37.742462,37.58461
43.22742,42.949245,42.98063,42.90061,42.91418,43.029266
43.213444,42.938652,42.97522,42.90509,42.899395,43.03328
43.113705,42.839703,42.8853,42.833015,42.81659,42.95697
43.21809,42.943542,42.98599,42.93689,42.940384,43.06608
43.105103,42.82964,42.882893,42.84858,42.838776,42.968952
43.086205,42.815125,42.8729,42.845905,42.84141,42.96369
43.16886,42.90164,42.95849,42.929596,42.94272,43.052425
43.033905,42.76994,42.83472,42.81799,42.81677,42.93313
43.0118,42.74163,42.810513,42.798237,42.79803,42.91077
43.07823,42.808716,42.876698,42.861378,42.8776,42.976044
43.041428,42.771236,42.84094,42.83479,42.849567,42.941757
42.896378,42.6276,42.702934,42.713425,42.70571,42.80848
42.96676,42.695568,42.77302,42.780663,42.78722,42.874847
41.181976,40.84987,41.132988,41.20526,41.080208,41.193928
32.402103,32.182148,32.27555,32.340176,32.131866,32.158516
32.37769,32.15347,32.264366,32.31983,32.118195,32.133156
32.538864,32.291073,32.418514,32.444683,32.249767,32.243034
32.535316,32.29171,32.42531,32.44452,32.25558,32.25245
32.51785,32.27284,32.41469,32.43018,32.24598,32.243645
32.304302,32.075912,32.22523,32.25687,32.076214,32.08512
32.269268,32.035534,32.19485,32.22445,32.047054,32.05543
32.41769,32.16097,32.33009,32.3386,32.162697,32.161472
32.392914,32.13226,32.309002,32.316765,32.15336,32.141052
32.398018,32.116623,32.300545,32.307262,32.154964,32.134384
32.21231,31.936518,32.123013,32.147774,32.005363,31.990782
32.211517,31.921225,32.11063,32.13249,32.001213,31.980913
32.396305,32.075096,32.267788,32.26564,32.145527,32.110367
32.391037,32.059372,32.25267,32.247356,32.13719,32.09953
32.373013,32.03651,32.232033,32.222218,32.12045,32.079178
32.161697,31.842554,32.038033,32.04328,31.94822,31.915453
32.144802,31.820744,32.015003,32.01733,31.930426,31.895353
32.11978,31.793049,31.985825,31.985613,31.905739,31.866594
32.283203,31.935482,32.127922,32.10612,32.037613,31.974457
32.264584,31.917885,32.10874,32.084938,32.027103,31.966644
32.056446,31.732134,31.916233,31.91375,31.865742,31.823637
32.04488,31.724112,31.902294,31.901888,31.862825,31.841318
32.034855,31.717705,31.890242,31.891651,31.861712,31.865034
32.207886,31.876537,32.043312,32.02687,32.004246,32.01882
32.190548,31.865421,32.024555,32.009857,31.993338,32.026794
31.986074,31.686546,31.841557,31.844582,31.831879,31.896387
31.956879,31.664364,31.8161,31.802893,31.807428,31.889103
32.11848,31.8168,31.963697,31.914892,31.935308,32.01948
32.083626,31.793888,31.934635,31.872877,31.903555,32.002884
32.03882,31.753399,31.896484,31.823847,31.862223,31.978252
31.806513,31.544693,31.690395,31.625559,31.66941,31.811136
31.786465,31.547201,31.683453,31.604925,31.666899,31.807774
31.9531,31.719065,31.84573,31.734837,31.81296,31.938843
31.925985,31.711462,31.830513,31.70966,31.801336,31.92045
31.702984,31.524458,31.63504,31.51791,31.628017,31.753132
31.674606,31.512415,31.61135,31.500538,31.610655,31.729576
31.831118,31.669458,31.757317,31.631552,31.742674,31.842466
31.798815,31.654943,31.731033,31.610987,31.719345,31.813776
31.767408,31.642448,31.706116,31.590652,31.696693,31.78459
35.539444,35.534626,35.517647,35.336914,35.78423,35.80189
35.625942,35.64994,35.6303,35.43508,35.894623,35.9212
35.617985,35.639442,35.589172,35.433456,35.831295,35.875286
35.59906,35.609005,35.57094,35.429676,35.810482,35.85513
35.516285,35.520027,35.49629,35.368687,35.738102,35.777092
35.47625,35.472614,35.457607,35.348057,35.712418,35.732754
35.60763,35.598156,35.598637,35.51557,35.871502,35.844032
35.41527,35.406048,35.42199,35.32194,35.676987,35.677345
35.477592,35.461662,35.490154,35.409554,35.745583,35.73742
35.420452,35.40912,35.45952,35.35773,35.706417,35.73157
35.320316,35.31187,35.362,35.283447,35.613888,35.641117
34.280468,34.230995,34.404552,34.381737,34.464203,34.569412
34.204727,34.150455,34.312164,34.296677,34.3568,34.476517
34.27891,34.20475,34.372486,34.359642,34.406384,34.53681
34.578014,34.459305,34.66578,34.633106,34.669476,34.835445
34.303032,34.20797,34.388012,34.370705,34.394676,34.539177
34.36489,34.258717,34.43453,34.419956,34.432243,34.599564
34.37249,34.26755,34.433556,34.419247,34.40856,34.592518
34.201874,34.094887,34.261387,34.25752,34.210617,34.383537
34.362186,34.239048,34.39512,34.396168,34.331573,34.526897
34.15204,34.039875,34.20906,34.227272,34.1275,34.304718
35.39073,35.2301,35.48438,35.483917,35.341545,35.527584
35.66692,35.53348,35.728493,35.699398,35.594467,35.79035
35.76285,35.64125,35.81361,35.78792,35.669125,35.858913
35.430054,35.36045,35.501354,35.4948,35.375725,35.528942
35.598118,35.554756,35.63991,35.621723,35.525696,35.666702
35.74306,35.708225,35.753433,35.73742,35.641693,35.751217
35.826656,35.823822,35.83865,35.81255,35.73941,35.82009
35.688766,35.761963,35.73491,35.665157,35.67314,35.71569
35.677002,35.7734,35.745678,35.656067,35.705704,35.710705
35.838444,35.980125,35.954823,35.79828,35.932667,35.92661
35.710037,35.872253,35.802254,35.676617,35.783028,35.750687
37.59858,37.893513,37.63661,37.465824,37.57025,37.588352
37.59163,37.907574,37.62682,37.473625,37.558586,37.561817
37.52911,37.849392,37.54174,37.426605,37.450806,37.456215
37.65448,37.985348,37.68321,37.563583,37.584423,37.5882
37.58823,37.91472,37.59589,37.49789,37.459682,37.43529
37.574677,37.94173,37.636005,37.516697,37.533695,37.498848
37.620186,37.975098,37.66201,37.547955,37.530724,37.47458
37.527054,37.893387,37.572132,37.460957,37.435093,37.365826
37.5032,37.873123,37.551632,37.441414,37.40551,37.324245
37.385754,37.778023,37.44511,37.34366,37.297215,37.207413
40.350163,40.841183,40.49135,40.365273,40.429432,40.316418
40.517933,41.01653,40.664955,40.51441,40.57676,40.461384
40.53476,41.039516,40.712357,40.551125,40.63503,40.525833
40.47737,40.98576,40.660908,40.482803,40.575073,40.481552
40.581654,41.08874,40.765335,40.605026,40.69002,40.59393
40.60612,41.114273,40.79282,40.659733,40.697216,40.593548
36.76923,36.881958,36.973186,37.011368,36.619217,36.850018
36.782066,36.902508,36.97494,37.01053,36.624702,36.869926
36.959568,37.06245,37.112316,37.137947,36.745327,36.97944
36.95827,37.06761,37.099377,37.125263,36.73781,36.978443
36.950474,37.06632,37.081356,37.107594,36.72512,36.971317
36.766193,36.913635,36.919296,36.954338,36.59111,36.85976
36.75745,36.91222,36.903637,36.938957,36.587307,36.84963
36.743793,36.90543,36.88423,36.92019,36.578564,36.834484
36.903458,37.047565,37.0104,37.049152,36.69394,36.92055
36.90475,37.05566,37.018745,37.057137,36.711807,36.9197
36.72333,36.90624,36.875526,36.916584,36.59552,36.808544
36.706688,36.895893,36.860405,36.90795,36.591503,36.789715
36.857986,37.02909,36.983124,37.029617,36.705254,36.867428
36.87018,37.023006,36.97041,37.024864,36.70313,36.850395
36.874565,37.01127,36.952656,37.013824,36.696,36.82841
38.49498,38.693615,38.503307,38.46014,38.39886,38.47055
38.50192,38.70656,38.49271,38.455727,38.40316,38.46366
38.480106,38.697136,38.4541,38.425156,38.378338,38.428665
38.455887,38.67762,38.419773,38.39464,38.36666,38.406372
38.75563,39.00865,38.7067,38.67712,38.6714,38.705902
38.597813,38.847855,38.54174,38.52236,38.518066,38.542377
38.451763,38.687374,38.387257,38.372482,38.367752,38.38224
38.11407,38.34481,38.040386,38.04283,38.03058,38.02716
38.20083,38.432884,38.09564,38.16802,38.085125,38.022255
38.337326,38.5798,38.226387,38.31125,38.22982,38.17738
38.312904,38.566544,38.206852,38.30364,38.220623,38.140488
39.91376,40.171967,39.78838,39.85285,39.79154,39.746216
39.767998,40.01905,39.6521,39.70039,39.646355,39.638046
39.8676,40.141468,39.714252,39.75835,39.759125,39.730465
39.891064,40.191437,39.75622,39.78631,39.803555,39.769207
39.845272,40.160175,39.717056,39.748726,39.767796,39.73603
39.759434,40.08395,39.639225,39.67044,39.685467,39.6639
39.529045,39.907597,39.42771,39.50794,39.508923,39.418022
39.32564,39.667706,39.184124,39.277287,39.227894,39.10239
39.19236,39.566696,39.08,39.169186,39.13493,39.010983
39.506634,39.910496,39.43502,39.516403,39.492844,39.37238
39.320435,39.72706,39.24202,39.331722,39.28801,39.154232
39.398575,39.839565,39.330807,39.431908,39.368217,39.231483
39.671143,40.089848,39.554832,39.612427,39.587154,39.45273
39.707096,40.13864,39.57854,39.64581,39.618362,39.466526
39.72889,40.18196,39.612694,39.6794,39.64815,39.485233
39.698486,40.15722,39.5924,39.65487,39.609745,39.443405
39.783684,40.23695,39.65843,39.721928,39.677204,39.513607
39.81579,40.28857,39.699932,39.7391,39.713074,39.54913
39.66476,40.126625,39.562504,39.61459,39.55928,39.40205
39.751427,40.208527,39.63826,39.693836,39.635117,39.4746
39.894764,40.336845,39.75475,39.807602,39.75586,39.596466
39.826984,40.262474,39.687004,39.739834,39.688923,39.527897
43.342323,43.83949,43.138176,43.1582,43.216618,43.0678
43.349693,43.861927,43.16256,43.223354,43.214478,43.054276
43.54285,44.04219,43.33414,43.37355,43.3907,43.24408
43.58049,44.067993,43.361675,43.432674,43.402824,43.259987
43.627438,44.113804,43.4133,43.4767,43.449085,43.3136
43.67312,44.174465,43.471783,43.523586,43.500366,43.360657
43.588467,44.134388,43.48617,43.479782,43.519894,43.386066
43.33077,43.85897,43.17513,43.24127,43.19256,43.06076
43.2926,43.839077,43.134018,43.21115,43.139668,43.020264
43.33713,43.88495,43.172626,43.252914,43.163094,43.05495
43.607346,44.204353,43.468212,43.518818,43.459785,43.351967
45.23226,45.754932,44.96318,44.941483,45.008617,44.905167
45.29817,45.83344,45.041553,45.006527,45.089558,45.006027
45.415783,46.10805,45.174416,45.146214,45.24485,45.14692
45.419106,46.21697,45.197063,45.159443,45.241074,45.15528
45.538475,46.431713,45.3155,45.279404,45.33856,45.260136
45.78863,46.74558,45.530006,45.528522,45.53985,45.487614
