0.015512191
0.018272802
0.0089981
0.014681737
0.016066674
0.011646343
0.018930769
0.010948254
0.0064908313
0.0015776474
0.0017984277
0.0050822417
0.010809168
0.0047502117
0.001661174
0.00513143
0.0050822417
0.010422047
0.0018244293
0.011249038
0.007709542
0.0066841897
0.006883667
0.0042971335
0.0030789175
0.008844497
0.0042971335
0.008388013
0.0070647076
0.0040041353
0.008844497
0.0067853676
0.0040041353
0.008388013
0.006810336
0.0074358736
0.008375343
0.004962304
0.016454708
0.017350595
0.010896392
0.012054719
0.0142512405
0.013997257
0.017047303
0.013925248
0.012951333
0.014067361
0.0068668425
0.013997453
0.0051673157
0.0057754233
0.0005431017
0.0073274006
0.0022196868
0.007673623
0.007673623
0.0069930935
0.0029531112
0.0034965896
0.0034923777
0.014828515
0.015110793
0.010131556
0.011349761
0.0072315433
0.021716433
0.01333121
0.0036478871
-8.337479e-05
0.015646596
0.0030192984
0.0030279057
0.014415933
0.010983447
0.0138146
0.008325323
0.010983447
0.014428629
0.0138146
0.004817984
0.013085431
0.006331065
0.009258414
0.017339617
0.014704779
0.0042687138
0.010127175
0.0037636333
0.014796368
0.01846974
0.013821697
0.008542022
0.011122702
0.007926817
0.0177752
0.010462865
0.009791361
0.006021531
0.008117351
0.07101627
0.14116436
0.34164733
0.7167039
1.0432953
1.6315864
2.429968
3.2482843
3.9952734
3.5527987
4.834651
4.6459208
5.2200575
5.078659
5.146308
5.2469573
5.1485806
5.3027964
5.577085
5.717545
6.0287485
6.624652
6.5797205
7.1310625
7.42175
7.526693
8.08413
8.3116045
8.821934
9.5130205
9.577602
9.419728
9.554755
9.413215
9.731976
9.184152
8.658315
8.044593
7.4664836
8.598134
6.8491797
6.210568
5.7247686
5.4714465
5.131449
4.901873
4.489799
4.388183
3.6821325
4.3290415
4.1939898
6.583821
5.8743625
14.954241
1.6670994
2.2781272
8.279197
6.6578646
6.7568736
3.7356117
3.8074598
6.6638894
8.88961
10.294865
10.160117
0.08685612
-1.2505769
-1.0990155
-1.7828163
-0.43654686
-0.52129036
-0.6024108
-0.6589241
-0.33341962
-0.66711164
-0.29725477
0.7630569
2.1239882
2.1477747
1.8757067
1.9472054
1.5890219
1.7891799
1.8432972
1.8950455
1.9227879
2.0359898
2.2904015
2.417073
1.4730369
1.5123549
1.4871613
1.2843847
2.5767376
2.6176467
2.6122453
2.7738228
2.841775
2.8286767
2.7615724
2.7933574
2.8434927
2.8723178
2.848975
2.6024423
2.667176
2.73461
2.6475663
2.8611448
2.8617454
3.0915396
3.0756743
3.1537304
3.0991025
3.157395
3.1088877
3.2572832
3.2101932
3.282581
3.1438415
3.2078369
3.8900146
3.728866
3.6386673
3.6327658
3.6492288
-0.3676747
-0.06979977
0.031365678
0.8441593
1.0454583
0.94438624
1.2271774
1.2704632
1.4022523
1.1871496
1.3412563
2.0506232
1.9895179
2.0753357
2.046569
1.9005047
1.7942501
1.8039368
1.9447387
2.0878632
2.7946215
2.619568
2.494793
2.5851674
2.624671
2.5879276
2.5401528
2.6418972
2.4956796
2.838919
2.8505943
2.7256203
2.7703638
2.7489278
2.561085
2.469539
2.7672653
3.2805007
3.3116796
3.2946255
3.152377
3.7881453
3.6452847
3.733563
3.8762279
3.7553158
-0.8137653
-0.82675797
-0.70343703
-0.8197734
-0.840322
-0.6849598
-0.7367297
-0.9388209
0.034824774
-0.049800362
-0.15897273
0.04043053
0.23544121
0.11119337
-0.027921502
0.1494543
0.08451267
0.29570514
0.12891449
-0.1238326
-0.02383436
0.06461697
0.3107666
0.19141679
0.3287781
0.3254555
0.18865374
0.3441055
0.33097628
0.23683561
0.44433123
0.2984198
0.15714015
0.14197923
0.3779527
0.34732762
0.18946648
0.4397658
0.18747148
0.24006867
0.46628252
0.12832338
0.29976887
0.42171967
0.3420231
0.13688648
1.0036033
0.89393175
1.2856464
1.0891834
1.2923626
1.9785651
2.0406299
2.175687
2.6374202
2.2947807
2.2988183
2.2594056
2.5150187
2.4703896
2.4528546
2.264659
2.2177305
3.101157
3.221422
3.1069453
3.1107106
3.0468383
3.287558
3.2096162
3.2365882
3.2215977
3.2400486
3.2970147
3.2767804
3.5117013
3.5618854
3.6536987
3.6333766
3.6687577
3.5479288
3.5401092
3.6650972
3.6753902
3.5914276
3.4647427
3.5735636
-0.7718701
-0.681833
-0.9302647
-0.6608106
1.3548087
1.6553214
1.4094517
1.54752
1.5201776
1.9326355
2.0198417
2.0176175
2.2513654
2.1072278
3.2362876
3.361798
3.3254857
3.3156314
3.1917455
3.3988419
-0.25030783
-0.80479574
-0.6621689
-0.54073656
-0.7108336
-0.6238258
-0.7601089
-0.6083456
-0.3796274
-0.01450032
0.5760113
0.575565
0.5413685
0.6304614
0.9977904
0.95679724
0.7999132
0.5833735
0.5714445
0.95823175
0.8085907
0.8317622
0.82888985
0.75592816
1.0508212
0.911072
0.98832035
1.4379268
1.6365651
2.1978533
1.9413075
2.0334303
1.7633454
2.2817602
2.1996298
2.003944
2.0507798
1.8702335
1.8835377
2.2102628
2.426729
2.4998398
2.8001606
3.5322597
3.6430728
3.4866087
3.500881
-0.33215383
0.011337067
-0.045153275
0.23911901
0.21768995
-0.020456525
0.20877899
0.5500146
0.8956324
0.9936752
1.5635355
1.6293014
1.3314152
1.6037527
1.6072159
2.4977796
2.6711287
2.4002552
2.4806163
2.671413
2.531281
2.5239332
3.218519
3.372131
3.3680747
3.2314663
3.2752845
3.4170213
-0.3913086
-0.51336217
-0.44744357
0.6495567
0.5879637
0.5959571
0.79488826
0.6322132
0.56974936
0.46368742
0.6115064
1.6378894
1.8106838
1.5061656
1.6942332
1.8443322
2.039724
2.3197467
2.1934073
2.2322483
2.2198527
2.2143533
2.4119487
2.6812632
2.5434163
3.4820082
3.2571106
3.387488
3.3164968
3.402091
3.289057
3.178799
3.6828558
3.5850255
3.6040833
3.597503
3.568681
3.5307436
-0.5384503
-0.7034066
-0.8001553
-0.6512303
-0.7946034
0.1635104
0.27976897
0.1482017
0.16975954
0.259564
0.57959026
0.61174065
0.61165255
0.69130003
0.6767282
0.8849671
0.8882198
1.0775634
1.3017681
1.2586228
1.1189518
2.0554514
2.022605
2.9263067
3.1275053
-1.035308
-0.8610993
-0.87330776
-0.5780684
0.08687437
0.1822787
0.13258305
0.3616263
0.24671927
0.56382865
0.4037964
1.0042067
1.5661497
1.4135842
1.6800162
2.1566827
2.1538825
2.1122546
2.7294962
3.7638524
-0.25900552
0.57638836
0.9557089
1.0636648
1.421443
1.6203573
2.3106859
2.5916727
2.9333434
2.955363
3.0994647
3.0988023
3.1016335
-0.7320638
-0.65951794
-0.57025754
0.62619686
0.72336215
0.60207754
0.72366476
0.66415
0.6976976
1.242254
1.973277
2.076401
2.255951
3.2832675
3.3836262
3.3168406
3.3591497
3.4481852
-0.39919809
0.8524293
0.91244197
1.1501218
1.1661354
1.7919567
1.8669759
1.8703765
1.935786
1.9243124
2.1882882
2.0076537
2.103648
2.246796
2.0802877
2.2514358
2.3850973
2.7201588
2.373306
2.559455
3.346396
3.6069627
-0.9932658
-0.8048553
-0.9120449
-0.6873796
0.08675164
0.25730845
0.26094252
0.44170654
0.7948322
1.2342223
1.1262044
1.3892292
1.8188528
1.8501464
1.7214286
1.8759551
1.9632543
2.5477517
2.7157981
3.2660005
3.2354655
3.3056061
-0.46896195
-0.074533656
0.5497394
0.30368432
0.67569715
0.5774254
1.0354873
1.150207
1.8195302
1.4075116
1.6456848
1.6208394
1.8707796
1.8879715
2.1679196
1.9359198
2.3144321
2.7946947
2.7292218
2.9858155
2.9971035
3.1313343
3.2517161
-0.20272018
-0.31639886
0.38326383
-0.20496882
0.4901851
0.7329907
0.79815584
1.2868731
2.5776784
2.3630552
2.450743
2.5013745
3.0431328
3.396134
-0.8352063
-1.001958
-0.6446418
-0.4872735
0.022775926
0.60811394
0.9119325
1.0805846
1.0783963
1.8969417
1.9671957
2.1088414
2.195915
2.5112083
2.522834
2.9252334
2.8992054
3.0623953
2.9139261
2.9601557
3.0494108
3.3176105
3.4884706
-0.99665415
-0.06974371
0.4251216
0.049499404
0.09050917
0.64600486
0.3973372
0.31090036
0.6939965
1.2505052
1.5429329
1.440229
1.9215366
2.3828242
2.4115543
2.7983816
2.880393
3.2099583
-0.6261144
-0.512984
-0.68844855
-0.14323285
-0.08668878
-0.010944105
0.06541529
0.30457118
0.30340698
0.5726341
