0.7163948
0.47766522
0.640454
0.6892865
0.57680357
0.6100997
0.45828512
0.5753543
0.62847424
0.6068765
1.4245913
1.614443
1.906014
1.1321204
1.309574
1.5603018
1.26721
1.4407892
1.4980412
1.4794083
1.40791
0.7648966
1.3506644
0.798958
2.176681
2.4977133
1.2889168
2.9956868
1.8096452
1.9211798
2.598294
1.531262
1.569842
2.1265657
1.614756
1.1395962
2.437109
1.0477293
1.118119
1.9839466
2.0664454
2.7666407
2.0069094
1.5033202
2.5701199
1.5341218
1.849377
1.6027825
2.058038
2.3232524
2.3000476
1.0541553
1.187444
2.6908734
2.068786
2.2252347
1.36265
2.467499
2.143131
1.9356656
1.6058645
2.0588512
2.0355668
1.7197165
1.5646665
2.3245683
3.0659118
2.2539852
2.0573401
3.2206933
2.7624428
2.754637
2.2841446
2.3316352
2.4847882
3.6489303
3.0166826
3.1039386
2.8573353
2.1019206
2.7996292
2.7772262
2.651144
1.9101607
1.9084482
2.5983763
2.7073014
1.9468418
1.8702155
1.8074414
1.9993312
2.271686
2.986133
2.457527
2.3549469
2.437103
2.2204335
1.9098415
2.7164521
1.9835626
1.8578571
2.1626675
2.025661
2.2493043
2.3061354
2.0892124
1.8802732
2.792098
2.6493728
1.9388233
2.1063123
2.200549
2.6153352
1.9532328
2.7809575
3.1985087
2.5147305
3.3152153
2.0751839
2.2612817
2.3762383
2.2593665
2.2186725
1.7633936
2.0253513
2.610896
2.1492965
2.2949538
1.9508287
3.0935307
2.7149825
2.2743492
1.9792833
2.1349733
1.8170977
2.6110542
2.509159
1.9600552
2.0700743
1.860545
2.0766714
3.0193706
3.018403
2.8232617
1.900763
1.6954474
1.6287591
1.775848
1.7149948
1.6859723
1.8702177
1.9963636
1.6252189
2.0148218
2.0582142
1.5618224
2.2212553
2.0068636
2.0787132
2.633469
2.1709256
3.000127
3.2585967
2.5840836
2.3911698
1.7409738
2.1110668
1.9357415
1.7288418
1.719195
1.6482538
1.9290683
1.8474451
2.0233467
1.5099775
1.7444391
2.7080207
1.8595651
2.411356
1.8914838
1.6810219
1.3958516
1.2568953
1.3527029
2.0402427
1.9701799
2.2935593
1.9220713
1.9718223
1.9032081
1.7884965
2.588225
2.007914
2.0039299
2.2594144
2.1198623
2.0361705
1.9550531
1.9989867
1.9908124
2.242479
2.1306906
1.7118897
1.6084508
1.777841
2.151286
1.8663958
2.0052972
1.6771698
2.161093
1.9042307
2.0028613
2.6201496
1.9402559
2.031177
1.6566442
1.5629736
2.2572584
1.806728
1.8321128
1.8543265
2.0639815
1.7555842
2.208028
3.0988536
3.0078084
2.3899457
1.713114
1.6916999
1.9548373
1.6233077
1.7569423
2.0100915
2.0913308
1.4632155
1.4942659
1.4532629
2.1473508
1.820982
1.7264348
1.4621485
1.9423754
2.03736
3.1014314
2.6915545
1.4588337
2.8996458
2.4975007
2.2234263
1.9879532
2.0309608
2.0211744
1.8698459
2.044714
2.1656232
2.1256535
1.8630987
1.8280587
1.810904
1.9839069
1.7918608
2.199949
2.002072
2.1074312
2.147577
1.7472839
2.0272357
1.6564964
1.7786076
2.0334964
1.673429
1.8181993
1.7498827
2.1872654
2.1913104
1.6361923
1.7455703
1.65114
2.495911
2.0374343
2.0686722
2.2526822
2.2640758
2.264718
2.1213734
2.1364386
2.0904284
2.2266796
1.9491842
1.7443305
2.0611596
1.8856894
2.0878603
1.6743279
1.7973377
2.6726863
2.4754856
2.344608
2.748396
1.7226074
2.170821
2.0318062
2.4033403
2.0715008
2.0948887
2.4884834
2.0664017
1.9900813
2.2047653
1.8045288
2.7152014
2.1967967
2.423134
1.5619743
2.3290384
2.4647076
2.8990839
2.1596541
1.9687307
1.6958095
1.820727
1.9984646
2.4619627
1.9518324
1.4021256
2.3401692
2.4021468
1.6842604
2.1703117
2.123197
2.2060325
1.7095017
1.4611477
1.6052414
1.501856
1.671815
1.799851
2.0255995
2.0670145
1.9276959
2.2244308
2.0004954
1.484655
1.570505
1.9870902
1.9101838
1.9787114
1.5907567
1.5342045
2.0756881
2.2268322
1.8112526
1.7712768
1.6654783
2.788937
2.0202696
2.2730863
1.419356
1.7327788
1.8741417
1.4512538
1.5934893
1.7953879
2.1316326
2.54015
1.9624314
2.707969
1.662795
2.0983548
1.8871934
2.708015
2.1735816
2.5256078
1.849286
2.2228954
2.028967
1.6151546
1.549195
1.8327614
1.4003931
1.5214651
1.6663642
1.9818182
1.675728
1.5140444
1.6395749
1.7434083
2.143216
1.6051058
1.4401047
1.5252576
1.5288181
1.9725829
1.7785035
1.7519852
1.6125003
1.5978141
1.9865029
1.657858
1.3805966
1.1961898
1.8254154
1.8875494
1.6346701
1.0494239
1.5158381
1.6233507
1.8199291
1.5616645
1.7206889
1.2306728
1.2149091
1.5213416
1.5515239
1.9875637
1.7388949
1.484593
1.9950361
1.4650841
1.3455089
1.2985649
1.5045171
1.560059
1.2897898
1.0888232
1.8401436
2.2102187
2.061191
1.5273628
2.1411242
1.64165
1.328986
1.1688888
1.5909164
1.6821231
1.2506142
1.3915437
1.1623303
1.1503092
1.126472
1.1172801
1.3813708
1.9223813
1.1935956
1.2862822
1.29341
1.4372946
1.4900596
1.4768344
1.7788191
1.956685
1.5836124
1.3689351
1.5369455
1.6018572
1.8837473
1.5436659
1.4357818
1.4592987
1.4508407
1.4969865
1.4294784
1.3176479
1.7642165
1.9506898
1.7950726
1.5143942
1.6112375
1.2987487
1.5189421
2.327667
2.4557364
1.7469312
1.7990171
1.7359996
1.519266
1.3870099
1.371941
1.4951181
1.9437495
1.453021
1.4533403
2.0432794
1.9327013
1.5719364
1.7831016
1.5350637
2.3001142
2.0136752
1.80624
2.7318447
1.863974
1.3757899
1.4475119
1.4723285
1.9696083
1.720866
1.3211373
1.4051479
1.4996698
1.6547478
1.5307153
1.4043106
1.3570619
1.1863095
1.4969597
1.3304305
1.2692828
1.5445845
1.2132137
1.007551
1.493879
1.3703111
1.4288563
1.5223695
1.2077639
1.4285601
1.8786186
1.2903584
2.7503881
1.9739842
1.4270906
1.1728336
1.4116054
1.5112945
1.9291945
1.7592422
1.3845873
1.6186993
1.5693084
1.7224041
1.6084032
2.27007
1.5073565
1.4810513
1.6770481
1.2873391
1.1092188
1.045587
1.1171254
1.022665
2.2180827
3.326275
2.4867437
1.367253
1.6180887
1.4593596
1.4043581
1.4459053
1.5643293
1.5348309
1.1421223
1.2872269
1.3137747
1.1383479
1.2241759
1.4955308
1.870932
1.5076356
1.2159603
1.675096
1.4973779
1.8563485
1.3416958
1.8057652
1.4219681
1.8002661
1.6964567
1.2767898
1.4833889
1.2994589
1.0159535
1.4201727
1.2429016
1.2556717
1.3188591
1.4538326
1.4778631
1.1132846
1.3707753
1.2939006
1.4339232
1.8238074
1.3587232
1.4067739
2.4678156
1.9588422
1.4108412
1.3577871
1.2743187
1.4205745
1.3072388
1.595856
1.7093111
1.7492151
1.4155113
1.5260738
1.8676989
1.3390466
1.2983906
1.1475242
1.7137476
1.7371695
1.0608671
1.9662468
1.4713105
1.7044379
1.3902929
1.8403999
1.8735952
1.4613693
1.1178341
2.0376704
1.9760764
1.7673482
1.2091322
1.9891835
1.4558426
1.6248053
1.5066164
1.3709631
1.1015
1.5049484
1.4102615
1.3070738
1.6038389
2.065852
1.3184317
1.5896945
1.359501
2.8583207
1.5333513
2.0460653
1.7328945
1.271974
1.2292783
1.215535
1.0464019
1.1536466
1.2979568
1.3575068
1.1809489
1.0036378
1.4645654
1.1128176
1.1095763
1.4642957
1.4388745
1.4243051
1.2858145
1.9497446
1.3181685
1.5615939
1.7597028
1.2093049
1.8946198
1.9838535
1.1513114
1.3864889
1.558125
1.6616248
1.4600667
2.37107
1.5731192
1.5957782
1.4458793
1.3083458
1.5261304
1.2742786
1.3395455
1.2138867
1.3666255
1.3378054
1.1068256
1.0232867
1.04971
1.0467865
1.0980691
1.4996872
1.3352435
1.658054
2.2115943
2.0440903
1.9673697
1.3211875
1.5017279
1.5237072
1.716031
1.2628795
1.2665722
1.2415482
1.0358536
1.8091091
1.1839011
1.3557386
1.5470945
1.1531397
1.3813102
1.2570522
1.9710383
1.4924076
1.0057647
1.1617707
1.1403176
1.1910621
1.5633934
1.6258206
1.6157154
1.4966199
1.673362
1.1118416
1.5867058
1.3417418
1.2309805
1.235675
1.5678453
1.8043008
1.4089655
1.9813629
1.6003228
1.1097552
1.2310596
1.2859566
1.7378553
2.5502598
1.8205755
1.5376425
1.2839562
1.1129867
1.2437868
1.493543
1.4482952
1.1209099
1.377558
1.3482183
1.1884668
1.2491444
1.4618686
1.9123323
1.2433664
1.9406586
1.6795452
1.2716016
1.311931
1.3365353
1.2563429
1.9569066
1.1521504
1.2728071
1.3418151
1.5878662
1.553445
1.2656102
1.2429177
1.1851137
1.2580765
1.3108125
1.5658561
1.3045293
1.9008751
1.2987047
1.0644072
1.8088912
1.6774105
1.656333
1.222543
1.6997486
1.4727058
1.7291437
1.3062245
1.4129021
1.1748819
1.1302484
1.1486144
1.0810623
2.111472
1.8388721
1.1303144
1.2056515
1.2324191
1.3662436
1.2649564
1.3404908
1.1621234
1.2372986
1.7471228
1.1437244
1.3341469
1.445135
1.3288906
1.6311152
1.4270663
1.0695952
1.9747345
1.2352327
1.6472056
1.3352672
1.642632
2.1639104
1.3429585
1.1222506
1.020554
1.2082369
1.1774391
1.4739581
1.1385224
1.2945423
1.4317439
1.0267277
1.9253617
1.5356084
3.0382154
1.6982298
1.2840458
1.2697275
1.4972875
1.1619409
1.1043371
1.2880777
1.5471116
1.1411793
1.034224
1.5994326
1.0307026
1.0497593
1.9902717
1.1986785
1.2744467
1.4479599
2.0167632
1.4456662
1.9631309
1.1236882
1.8819212
1.9543331
1.3396975
1.7282221
1.262188
1.2443402
1.1326356
1.5374295
2.1308308
1.4770597
1.3022041
1.335926
1.3604251
1.1054858
1.4463317
1.8417989
1.2811815
1.2897203
1.2596774
1.087905
1.0740695
1.4137075
1.1655387
1.8683943
1.8736413
1.0526664
1.7549392
1.5261168
1.3805721
1.141079
1.3537765
1.1721096
1.4825988
1.5010439
1.2698139
1.6234732
1.6171104
1.326841
1.3370681
1.1580616
1.1987338
1.205104
1.2290475
1.92223155
1.3035924
1.2414443
1.0275538
1.2450521
1.2454281
1.9052497
1.4385937
1.4670922
1.334195
1.2992135
1.1855804
1.98871064
1.0685155
1.6521229
1.492962
1.97418433
1.810164
1.595159
1.2696059
1.3696936
1.2607857
1.5294365
1.2403741
1.124979
1.2102797
1.79678273
1.2794608
1.9758159
1.0905609
1.5931796
1.0242302
1.5562564
1.1463537
1.6034622
1.9557675
1.2177439
1.5065448
2.025518
1.7940037
1.4976648
1.6409261
1.3946127
1.1683743
1.0642434
1.2819653
1.3165592
1.1060139
1.2386416
1.136176
1.3071438
1.4203854
1.4176422
1.6782359
1.8611118
1.6348759
1.184209
1.9912816
1.4499285
1.4522702
1.5579834
1.4093916
1.2889143
1.5544739
1.5751826
1.2979766
1.3335946
1.2539798
1.8759599
1.4539912
2.0410845
1.3763032
1.5646608
1.474871
1.1730219
1.4856366
1.5902492
1.9821855
1.0647749
1.1487752
1.1814855
1.3224407
1.1537013
1.063964
1.3364304
1.1313441
1.0917045
1.1816726
1.3810408
1.5588218
2.7242537
1.987327
1.472
1.8497859
1.0590173
1.1270463
1.2961998
1.6854491
1.3117626
1.2280316
1.94524646
1.20863
1.97543836
1.6786995
1.2159798
1.8498808
1.3849751
1.0772617
1.1714121
1.9186637
1.6060231
1.7000245
1.3581848
1.2117732
1.96762145
1.2477098
1.1747273
1.3303608
1.436333
1.1047893
1.0515093
1.3125589
1.4694015
1.1615422
1.1851392
3.32881
3.0766373
3.247464
2.6878982
3.374698
2.474215
1.9927099
2.561063
2.8646586
3.0222
2.042101
2.2267141
2.644719
1.6718315
2.3678012
2.2999227
1.7328429
2.320286
2.2130523
3.9992595
1.9343967
2.548415
2.3366024
2.7872994
2.0666249
2.585991
2.6749723
2.5998695
1.9324988
2.4890094
1.6737986
1.9826479
1.692752
3.205596
3.4309196
2.2542083
2.6412234
2.1552358
2.206674
2.3749847
2.605743
2.7724109
2.1474414
1.9751444
2.898481
2.7917655
2.6661842
2.9537401
2.9356225
2.7572746
2.9268816
2.1240244
2.3759773
1.753523
1.7043827
2.3052769
1.8111746
2.144858
2.4441302
2.4658532
2.0624027
1.5071551
2.7226372
2.6347423
1.4444844
1.9485947
2.6732278
2.947758
1.9857842
2.0357647
2.8006568
2.2220464
3.8241258
2.4849734
2.1224144
1.8362913
1.6332127
1.7014117
1.752646
2.0691738
2.302284
2.3194745
1.8933725
1.6539111
1.9771514
1.52178
1.8082389
1.5783398
2.1285875
1.6548876
2.1259344
2.2028828
2.4953403
3.2690947
2.0093644
2.1196506
2.2593985
2.2289743
2.318235
1.7570435
1.9682413
1.4025993
1.5474567
1.1484357
1.6272421
1.3991787
1.9299258
1.2380478
1.5983968
1.7800354
3.6068766
1.9825126
2.18233
2.5646951
2.1097794
2.4175732
1.6221694
3.1488748
2.448731
2.3583555
1.5583769
1.8630751
1.6939101
1.4865354
1.6573235
2.1278915
2.4642673
2.1485448
1.5963758
2.238287
1.9524832
1.9560134
1.6086897
2.259126
1.9949826
1.6217664
1.3920294
1.8383679
1.8933444
2.61863
2.364161
2.5240862
1.5356559
1.2898898
1.3780357
1.7125696
1.9476562
2.9809937
2.0403154
1.9794968
1.8084801
1.7163506
1.5193064
1.9058086
2.6725144
1.664236
1.7362604
1.72908
1.4348894
2.9982045
2.913481
2.1931913
1.5269691
1.0492306
1.7149266
1.5483569
1.9963181
1.8323314
1.7322698
2.0075605
2.3829904
1.6268688
1.7776031
1.5521051
1.5761784
1.309066
1.4371723
1.5277971
1.5515372
1.2801108
1.6560385
3.0575635
2.6634758
3.1241498
2.5061474
2.0871153
1.9368609
1.832692
2.6459854
2.7452977
2.2623541
1.6716669
2.4219031
2.8215141
2.1463373
2.8068285
2.7432532
2.0965185
2.4175658
2.6281826
2.1834662
2.5577533
2.2835982
2.4473577
2.5024648
2.2120585
3.8572085
3.1650455
2.2033737
2.0792909
2.6126003
2.6492279
3.0170865
3.3055031
3.7771442
2.3998537
2.42227
3.262191
1.8315328
2.9109986
2.5851433
2.8883634
2.353785
2.994223
3.3008626
3.1810484
2.7075908
3.7404122
3.0186841
2.5128894
2.4644241
3.2898545
3.1265798
3.0050356
2.3799667
2.1300607
2.197973
2.4134498
1.9749638
2.18119
1.9657705
2.3297553
2.577228
2.9235487
2.3942153
2.600942
3.643755
3.4083169
3.125589
2.1644673
2.547281
2.5608788
2.7065923
2.5825555
1.8002037
3.9899087
3.094456
2.40143
1.981096
2.3956583
2.847047
3.2941556
2.2312343
2.2362196
2.771167
2.0956292
2.1505644
1.9793223
1.9588139
2.7465467
3.5229368
3.0166092
2.4175034
2.1692111
1.7026379
2.1444252
1.7628858
2.118743
3.1832132
2.1244223
1.789632
2.420421
2.8194194
3.634891
3.7483375
2.8166263
2.5859091
2.4978113
1.9588226
2.788148
1.7170808
1.8264872
2.6367407
2.2693386
2.48815
3.2229004
2.0919945
2.7502515
1.9019265
2.1344028
1.8803716
2.5386033
2.3593946
2.144464
2.3187664
3.0389256
2.4873824
2.5388093
1.7620789
2.2505827
1.7692331
2.2239425
2.1211777
2.2874832
2.7737124
2.5747008
2.1383393
2.0069764
1.9630331
2.5486069
1.9727545
1.7497523
2.9489012
2.3025656
2.2049725
3.1658082
3.2676837
2.1033425
2.0532427
2.7818456
2.7175517
2.9752078
3.1785493
2.3169622
2.6492653
1.8954023
1.536567
1.843565
2.6128118
2.2938175
3.2298102
2.0521007
2.1052747
1.8917258
2.249113
3.8119438
2.7209263
2.2041135
2.1219246
1.878499
2.3517768
2.3162472
2.1360836
2.051027
2.621673
2.2108448
2.767267
3.071081
2.0171103
2.5201309
2.1186361
2.2852135
2.3250089
1.8784535
2.374988
2.8474665
2.297727
2.0782595
1.7808632
1.7189324
2.1032417
1.7206955
1.9052199
2.2232974
2.7745457
2.712236
2.082989
2.502287
2.8045325
2.4185514
2.1863334
2.2736335
2.0632126
2.9907355
2.3527355
2.3775344
2.1052716